Security Wise Delivery Position - Compulsory Rolling Settlement
10,MTO,17102024,1183075948,0002506
Trade Date <17-OCT-2024>,Settlement Type <N>
Record Type,Sr No,Name of Security,Quantity Traded,Deliverable Quantity(gross across client level),% of Deliverable Quantity to Traded Quantity
20,1,1003ICCL28,NX,2,1,50.00
20,2,1003ISFL28,N4,25,25,100.00
20,3,1015ECL29,NR,150,150,100.00
20,4,1018GS2026,GS,5381,5381,100.00
20,5,1025SCL34,Z8,51,51,100.00
20,6,1025UCL25,N8,3,3,100.00
20,7,1035UCL24,N6,400,400,100.00
20,8,1049DLS25A,Y5,60,30,50.00
20,9,1049DLSL25,NX,60,60,100.00
20,10,1050NFL26,N7,205,205,100.00
20,11,1050UCL25,N7,207,197,95.17
20,12,105UCL2026,NB,161,161,100.00
20,13,1060ECL29,NS,100,100,100.00
20,14,1065NFL27,NC,114,114,100.00
20,15,10CAGL27,N5,125,125,100.00
20,16,10IIFL28,N4,60,60,100.00
20,17,10IIFL28A,NE,101,101,100.00
20,18,10ISFL26,N3,170,170,100.00
20,19,10NIDO26,N6,111,111,100.00
20,20,10SCL30A,BV,26,25,96.15
20,21,182D011124,TB,1000,1000,100.00
20,22,182D090125,TB,300,300,100.00
20,23,360ONE,EQ,539214,270888,50.24
20,24,364D020125,TB,900,900,100.00
20,25,364D020525,TB,20800,20800,100.00
20,26,364D030425,TB,500,500,100.00
20,27,364D031025,TB,10000,10000,100.00
20,28,364D080525,TB,500,500,100.00
20,29,364D090125,TB,300,300,100.00
20,30,364D091025,TB,300,300,100.00
20,31,364D100725,TB,100,100,100.00
20,32,364D110925,TB,100000,100000,100.00
20,33,364D121224,TB,100,100,100.00
20,34,364D150525,TB,100,100,100.00
20,35,364D190625,TB,7200,7200,100.00
20,36,364D260625,TB,300,300,100.00
20,37,3IINFOLTD,EQ,821409,506047,61.61
20,38,3MINDIA,EQ,3676,1660,45.16
20,39,574GS2026,GS,8,8,100.00
20,40,5PAISA,EQ,468490,161023,34.37
20,41,618GS2024,GS,5,5,100.00
20,42,63MOONS,EQ,568225,237732,41.84
20,43,645GS2029,GS,1542,771,50.00
20,44,654GS2032,GS,20000,20000,100.00
20,45,667GS2050,GS,2,1,50.00
20,46,679GS2034,GS,1,1,100.00
20,47,689GS2025,GS,14,7,50.00
20,48,697GR2034,GS,699,699,100.00
20,49,699GS2026,GS,5910,5910,100.00
20,50,699GS2051,GS,9443,9443,100.00
20,51,702GS2027,GS,101,100,99.01
20,52,702GS2031,GS,1001,1001,100.00
20,53,704GS2029,GS,10101,10100,99.99
20,54,706GS2028,GS,22672,22672,100.00
20,55,709GS2054,GS,500,500,100.00
20,56,710GS2029,GS,100473,100473,100.00
20,57,716GS2050,GS,100,100,100.00
20,58,717GS2030,GS,4935,4435,89.87
20,59,718GS2033,GS,500,500,100.00
20,60,718GS2037,GS,1501700,1501700,100.00
20,61,71GS2034,GS,200,200,100.00
20,62,723GS2039,GS,10142,10142,100.00
20,63,725GS2063,GS,36111,35211,97.51
20,64,726GS2032,GS,438603,437203,99.68
20,65,726GS2033,GS,2600,2600,100.00
20,66,729IRFC26,NN,216,196,90.74
20,67,729NHAI26,NC,100,99,99.00
20,68,732GS2030,GS,200,200,100.00
20,69,732IRFC25,NI,154,154,100.00
20,70,733GS2026,GS,10240,10240,100.00
20,71,734GS2064,GS,3201,3201,100.00
20,72,734IRFC28,N4,509,501,98.43
20,73,737GS2028,GS,7300,7200,98.63
20,74,738GS2027,GS,118003,118003,100.00
20,75,739NHAI26,N8,90,90,100.00
20,76,739NHAI31A,ND,166,141,84.94
20,77,73GS2053,GS,19850,15850,79.85
20,78,741GS2036,GS,254806,254799,100.00
20,79,746GS2073,GS,4957,4957,100.00
20,80,74GS2062,GS,997,969,97.19
20,81,750IRFC35,NK,500,500,100.00
20,82,751HUDCO28,N5,460,460,100.00
20,83,753IRFC30,NJ,50,50,100.00
20,84,754GS2036,GS,233851,228736,97.81
20,85,762NTPC35F,ND,10,10,100.00
20,86,764HUDCO31,N8,38,38,100.00
20,87,764IRFC31,NO,3032,2532,83.51
20,88,764NABAR31,N2,700,600,85.71
20,89,769NHAI31,NE,1020,939,92.06
20,90,76NHAI31,NA,2543,2208,86.83
20,91,772GS2049,GS,111,111,100.00
20,92,777MN38,SG,300,300,100.00
20,93,78ABFL33,N4,5,5,100.00
20,94,797IGT31,NL,225,225,100.00
20,95,79NHIT35,N1,2287,2186,95.58
20,96,79NHIT40,N2,141,141,100.00
20,97,79NHIT47,N3,1714,1714,100.00
20,98,801TCH25,N4,66,63,95.45
20,99,810IRFC27,N2,3873,3871,99.95
20,100,81TCHF28,N8,10,10,100.00
20,101,824GS2027,GS,3541,3541,100.00
20,102,829LTF24,NL,1,1,100.00
20,103,82HUDCO27,N2,2294,2038,88.84
20,104,82IGT31,NJ,1015,1015,100.00
20,105,830NHAI27,N2,4113,3897,94.75
20,106,830PFCL27,N5,450,450,100.00
20,107,83TCHF25,N6,142,98,69.01
20,108,840CIFCL28,N4,6,3,50.00
20,109,842IIFL26,NL,270,270,100.00
20,110,843IHFL29,NC,98,82,83.67
20,111,849NTPC25,N7,190949,31849,16.68
20,112,851HUDCO28,NB,2,2,100.00
20,113,85IIFL25,NO,4,4,100.00
20,114,865IFL28,NZ,240,240,100.00
20,115,865IIFL28,NS,530,526,99.25
20,116,865IRFC29,NA,190,190,100.00
20,117,865LTF26,NN,35,35,100.00
20,118,865TCAPS27,N8,3612,2749,76.11
20,119,86LTF24,NJ,451,451,100.00
20,120,871REC28,N9,240,240,100.00
20,121,875IHFL29,ND,99,99,100.00
20,122,875IIFL26,NM,35,35,100.00
20,123,875IIFL26A,NQ,63,63,100.00
20,124,875NHAI29,N6,802,801,99.88
20,125,875PCHFL26,N8,50,50,100.00
20,126,879NHPC28,N5,50,50,100.00
20,127,87LTF27,NH,158,158,100.00
20,128,87SCL27,Z6,10,10,100.00
20,129,87SCL27A,ZK,12,12,100.00
20,130,880IREDA29,N5,1126,1126,100.00
20,131,885MOFSL26,N0,200,100,50.00
20,132,888ERFL28,N5,1,1,100.00
20,133,888IRFC29,NE,1455,1014,69.69
20,134,888NHB29,N5,50,50,100.00
20,135,888REC29,NF,94,94,100.00
20,136,891IIFCL34,N4,150,150,100.00
20,137,891NTPC33,N6,1,1,100.00
20,138,892PFCL33,N8,514,513,99.81
20,139,898LTF29,N7,150,75,50.00
20,140,8ABFL26,N0,100,100,100.00
20,141,901HUDCO34,NE,42,42,100.00
20,142,901NHB34,N6,210,210,100.00
20,143,903SFL28,YI,5,5,100.00
20,144,905LTF27,NF,40,40,100.00
20,145,910TCAP28,NA,52,50,96.15
20,146,915SCL26,NE,180,90,50.00
20,147,91MOFSL27,N2,25,25,100.00
20,148,925SCL25,N5,21,21,100.00
20,149,92GS2030,GS,12502,12502,100.00
20,150,930SFL28,YP,200,200,100.00
20,151,93MOFSL34,N6,501,500,99.80
20,152,943ECL28,NJ,38,38,100.00
20,153,94SFL28,YL,500,500,100.00
20,154,950SCL23A,AP,10,10,100.00
20,155,957NIDO26,N5,20,20,100.00
20,156,960IIFLS26,N9,100,100,100.00
20,157,965AEL27,N4,200,200,100.00
20,158,965SCL25B,Y1,20,20,100.00
20,159,965SCL26F,N1,10,10,100.00
20,160,966ICCL25A,NI,21,12,57.14
20,161,96IIFL28,N5,2135,1876,87.87
20,162,96IIFL28A,NF,1349,1306,96.81
20,163,96SFL24A,NB,35,35,100.00
20,164,970CAGL28,ND,104,66,63.46
20,165,975NFL25,N0,1,1,100.00
20,166,985IIFL22,NC,235,235,100.00
20,167,98ICCL26,NU,23,23,100.00
20,168,98SCL27,ZX,20,10,50.00
20,169,990SCL26,N7,431,353,81.90
20,170,990SCL26B,Y7,105,105,100.00
20,171,99AEL29,N7,227,227,100.00
20,172,99IFCI24,NH,97,92,94.85
20,173,9ICCL23A,N0,5,5,100.00
20,174,9IIFL28A,NT,460,460,100.00
20,175,9MMFSML,N2,75,75,100.00
20,176,9SFL25A,ZH,100,100,100.00
20,177,A2ZINFRA,EQ,232004,156391,67.41
20,178,AAATECH,EQ,23395,12894,55.11
20,179,AADHARHFC,EQ,548081,326198,59.52
20,180,AAKASH,EQ,119316,68676,57.56
20,181,AARON,EQ,9732,2921,30.01
20,182,AARTECH,EQ,601319,109906,18.28
20,183,AARTIDRUGS,EQ,76377,40957,53.62
20,184,AARTIIND,EQ,1001847,374570,37.39
20,185,AARTIPHARM,EQ,52478,25531,48.65
20,186,AARVI,EQ,807954,117832,14.58
20,187,AATMAJ,SM,6000,6000,100.00
20,188,AAVAS,EQ,107143,60503,56.47
20,189,ABAN,EQ,55032,36163,65.71
20,190,ABB,EQ,407941,85912,21.06
20,191,ABBOTINDIA,EQ,12015,5550,46.19
20,192,ABCAPITAL,EQ,3368608,1566385,46.50
20,193,ABCOTS,ST,500,500,100.00
20,194,ABDL,EQ,320049,174331,54.47
20,195,ABFRL,EQ,2633321,1120811,42.56
20,196,ABGSEC,EQ,97,87,89.69
20,197,ABMINTLLTD,EQ,5165,3896,75.43
20,198,ABREL,EQ,137439,58664,42.68
20,199,ABSLAMC,EQ,1449006,387105,26.72
20,200,ABSLBANETF,EQ,36349,29588,81.40
20,201,ABSLLIQUID,EQ,3919,2956,75.43
20,202,ABSLNN50ET,EQ,32430,26928,83.03
20,203,ABSLPSE,EQ,210936,168734,79.99
20,204,ABSMARINE,SM,46000,32000,69.57
20,205,ACC,EQ,233994,121007,51.71
20,206,ACCELYA,EQ,37921,18990,50.08
20,207,ACCENTMIC,SM,127500,87000,68.24
20,208,ACE,EQ,246081,95850,38.95
20,209,ACEINTEG,EQ,37160,10706,28.81
20,210,ACI,EQ,130656,66276,50.73
20,211,ACL,EQ,18815,9622,51.14
20,212,ACLGATI,EQ,578334,265583,45.92
20,213,ACSAL,ST,60000,60000,100.00
20,214,ADANIENSOL,EQ,1487254,796701,53.57
20,215,ADANIENT,EQ,2655289,1687179,63.54
20,216,ADANIGREEN,EQ,355958,153722,43.19
20,217,ADANIPORTS,EQ,1418861,718699,50.65
20,218,ADANIPOWER,EQ,2025544,1122219,55.40
20,219,ADFFOODS,EQ,821620,186845,22.74
20,220,ADORWELD,EQ,7726,4856,62.85
20,221,ADROITINFO,EQ,92435,33926,36.70
20,222,ADROITPP1,E1,4087,3419,83.66
20,223,ADSL,EQ,621449,249382,40.13
20,224,ADVANIHOTR,EQ,70406,45340,64.40
20,225,ADVENZYMES,EQ,531450,204585,38.50
20,226,AEGISLOG,EQ,246563,111875,45.37
20,227,AEL120924B,N8,368,368,100.00
20,228,AEROFLEX,EQ,1675743,608975,36.34
20,229,AERON,SM,27000,22000,81.48
20,230,AESTHETIK,SM,50000,38000,76.00
20,231,AETHER,EQ,109154,54438,49.87
20,232,AFFLE,EQ,153689,56714,36.90
20,233,AFIL,EQ,43316,22061,50.93
20,234,AGARIND,EQ,13591,6966,51.25
20,235,AGARWALFT,SM,3000,3000,100.00
20,236,AGI,EQ,234108,126265,53.93
20,237,AGIIL,EQ,1333,849,63.69
20,238,AGNI,SM,35000,25000,71.43
20,239,AGRITECH,EQ,8606,5300,61.58
20,240,AGROPHOS,EQ,108753,65552,60.28
20,241,AGSTRA,EQ,213551,116188,54.41
20,242,AGUL,SM,2000,2000,100.00
20,243,AHL,EQ,151517,113179,74.70
20,244,AHLADA,EQ,34006,11311,33.26
20,245,AHLEAST,EQ,762013,311478,40.88
20,246,AHLUCONT,EQ,156663,66370,42.36
20,247,AIAENG,EQ,65641,31823,48.48
20,248,AIIL,EQ,67114,31778,47.35
20,249,AILIMITED,ST,3000,3000,100.00
20,250,AIMTRON,ST,36000,32000,88.89
20,251,AIROLAM,EQ,15687,7785,49.63
20,252,AIRTELPP,E1,102275,49390,48.29
20,253,AISL,ST,2400,1200,50.00
20,254,AJANTPHARM,EQ,74767,29146,38.98
20,255,AJMERA,EQ,455547,162276,35.62
20,256,AKANKSHA,SM,68000,44000,64.71
20,257,AKASH,EQ,26738,6866,25.68
20,258,AKG,EQ,70111,52335,74.65
20,259,AKI,EQ,103376,46132,44.63
20,260,AKIKO,SM,4800,4800,100.00
20,261,AKSHAR,EQ,1932152,1932152,100.00
20,262,AKSHARCHEM,EQ,4905,3213,65.50
20,263,AKSHOPTFBR,EQ,1568210,991785,63.24
20,264,AKUMS,EQ,235774,161056,68.31
20,265,AKZOINDIA,EQ,9323,4564,48.95
20,266,ALANKIT,EQ,747471,376413,50.36
20,267,ALEMBICLTD,EQ,512453,260254,50.79
20,268,ALICON,EQ,12258,5723,46.69
20,269,ALKALI,EQ,11056,4504,40.74
20,270,ALKEM,EQ,159045,85678,53.87
20,271,ALKYLAMINE,EQ,53710,25331,47.16
20,272,ALLCARGO,EQ,1576748,761155,48.27
20,273,ALLDIGI,EQ,31625,19448,61.50
20,274,ALLETEC,SM,64800,35200,54.32
20,275,ALOKINDS,EQ,8709132,3742197,42.97
20,276,ALPEXSOLAR,SM,432800,174400,40.30
20,277,ALPHA,EQ,1400985,1095513,78.20
20,278,ALPHAETF,EQ,1341911,1166384,86.92
20,279,ALPL30IETF,EQ,2129087,1887456,88.65
20,280,ALUWIND,ST,6000,6000,100.00
20,281,AMBER,EQ,497367,59333,11.93
20,282,AMBEY,SM,80000,58000,72.50
20,283,AMBICAAGAR,EQ,11565,3334,28.83
20,284,AMBIKCO,EQ,6545,3642,55.65
20,285,AMBUJACEM,EQ,3483057,1898245,54.50
20,286,AMDIND,EQ,20580,12158,59.08
20,287,AMEYA,ST,38000,36000,94.74
20,288,AMIORG,EQ,87032,43412,49.88
20,289,AMNPLST,EQ,39198,18820,48.01
20,290,AMRUTANJAN,EQ,19812,11024,55.64
20,291,ANANDRATHI,EQ,46234,25520,55.20
20,292,ANANTRAJ,EQ,694271,370486,53.36
20,293,ANDHRAPAP,EQ,113631,63421,55.81
20,294,ANDHRSUGAR,EQ,143893,71283,49.54
20,295,ANGELONE,EQ,4881484,687443,14.08
20,296,ANLON,SM,67600,61200,90.53
20,297,ANMOL,EQ,86851,58823,67.73
20,298,ANNAPURNA,SM,65500,50000,76.34
20,299,ANUP,EQ,225913,204983,90.74
20,300,ANURAS,EQ,51340,31301,60.97
20,301,APARINDS,EQ,55229,16965,30.72
20,302,APCL,EQ,6023,2683,44.55
20,303,APCOTEXIND,EQ,16588,7420,44.73
20,304,APEX,EQ,88891,52553,59.12
20,305,APLAPOLLO,EQ,690232,495546,71.79
20,306,APLLTD,EQ,117820,43381,36.82
20,307,APOLLO,EQ,681252,347125,50.95
20,308,APOLLOHOSP,EQ,183572,107187,58.39
20,309,APOLLOPIPE,EQ,35847,19311,53.87
20,310,APOLLOTYRE,EQ,1451399,519639,35.80
20,311,APOLSINHOT,EQ,5050,2954,58.50
20,312,APRAMEYA,SM,140000,100000,71.43
20,313,APS,ST,86000,86000,100.00
20,314,APTECHT,EQ,141365,67197,47.53
20,315,APTUS,EQ,1989147,507562,25.52
20,316,ARABIAN,SM,32000,14000,43.75
20,317,ARCHIDPLY,EQ,41761,23218,55.60
20,318,ARE&M,EQ,306807,158139,51.54
20,319,ARHAM,SM,3000,3000,100.00
20,320,ARIES,EQ,22239,10539,47.39
20,321,ARIHANTACA,ST,2400,2400,100.00
20,322,ARIHANTCAP,EQ,1565923,582167,37.18
20,323,ARIHANTSUP,EQ,25667,13219,51.50
20,324,ARISTO,SM,147200,102400,69.57
20,325,ARKADE,EQ,634793,257043,40.49
20,326,ARMANFIN,EQ,24176,15734,65.08
20,327,AROGRANITE,EQ,15846,12168,76.79
20,328,ARROWGREEN,EQ,14766,9639,65.28
20,329,ARTEMISMED,EQ,121571,70990,58.39
20,330,ARVEE,EQ,2570,1476,57.43
20,331,ARVIND,EQ,288101,112967,39.21
20,332,ARVINDFASN,EQ,967755,738508,76.31
20,333,ARVSMART,EQ,50439,26391,52.32
20,334,ASAHIINDIA,EQ,172125,77101,44.79
20,335,ASAL,EQ,19827,12799,64.55
20,336,ASALCBR,EQ,31084,16690,53.69
20,337,ASCOM,ST,4000,4000,100.00
20,338,ASHALOG,SM,22000,20000,90.91
20,339,ASHAPURMIN,EQ,101326,63591,62.76
20,340,ASHIANA,EQ,90492,41285,45.62
20,341,ASHOKA,EQ,1165087,620645,53.27
20,342,ASHOKLEY,EQ,12467777,7698885,61.75
20,343,ASIANENE,EQ,59702,36265,60.74
20,344,ASIANHOTNR,EQ,7237,4480,61.90
20,345,ASIANPAINT,EQ,674481,424616,62.95
20,346,ASIANTILES,EQ,899552,499974,55.58
20,347,ASKAUTOLTD,EQ,351570,221164,62.91
20,348,ASLIND,SM,6000,4000,66.67
20,349,ASMS,EQ,351543,201957,57.45
20,350,ASPINWALL,EQ,3770,2593,68.78
20,351,ASPIRE,SM,24000,24000,100.00
20,352,ASTEC,EQ,5877,3490,59.38
20,353,ASTERDM,EQ,408952,193457,47.31
20,354,ASTRAL,EQ,528719,294274,55.66
20,355,ASTRAMICRO,EQ,130587,68252,52.27
20,356,ASTRAZEN,EQ,22136,4651,21.01
20,357,ASTRON,EQ,14115,9913,70.23
20,358,ATALREAL,EQ,9732966,7213996,74.12
20,359,ATAM,EQ,14918,8614,57.74
20,360,ATFL,EQ,89928,46464,51.67
20,361,ATGL,EQ,360438,151919,42.15
20,362,ATL,EQ,422414,238421,56.44
20,363,ATMASTCO,ST,66400,64800,97.59
20,364,ATUL,EQ,84446,42837,50.73
20,365,ATULAUTO,EQ,24267,14261,58.77
20,366,AUBANK,EQ,323933,90160,27.83
20,367,AURDIS,SM,2500,1875,75.00
20,368,AURIONPRO,EQ,50410,26938,53.44
20,369,AUROIMPEX,SM,6400,6400,100.00
20,370,AUROPHARMA,EQ,736438,459980,62.46
20,371,AURUMPP1,X1,746,716,95.98
20,372,AUSL,SM,16000,14000,87.50
20,373,AUSOMENT,EQ,92320,46122,49.96
20,374,AUTOAXLES,EQ,3468,2021,58.28
20,375,AUTOBEES,EQ,1248806,1038940,83.19
20,376,AUTOIETF,EQ,3267546,2366519,72.42
20,377,AUTOIND,EQ,69999,36824,52.61
20,378,AVADHSUGAR,EQ,76664,33845,44.15
20,379,AVALON,EQ,264999,121611,45.89
20,380,AVANTEL,EQ,1226214,599502,48.89
20,381,AVANTIFEED,EQ,226441,85465,37.74
20,382,AVG,EQ,58450,32434,55.49
20,383,AVIANSH,SM,32000,30000,93.75
20,384,AVPINFRA,ST,28800,27200,94.44
20,385,AVTNPL,EQ,66766,43119,64.58
20,386,AWFIS,EQ,234135,116912,49.93
20,387,AWHCL,EQ,208528,94330,45.24
20,388,AWL,EQ,1033669,619773,59.96
20,389,AXISBANK,EQ,6595231,3699154,56.09
20,390,AXISBNKETF,EQ,445,412,92.58
20,391,AXISBPSETF,EQ,53660,43637,81.32
20,392,AXISCADES,EQ,61088,38445,62.93
20,393,AXISCETF,EQ,9587,7693,80.24
20,394,AXISGOLD,EQ,139324,113419,81.41
20,395,AXISHCETF,EQ,5780,4242,73.39
20,396,AXISILVER,EQ,38504,29022,75.37
20,397,AXISNIFTY,EQ,5253,4400,83.76
20,398,AXISTECETF,EQ,1578,1121,71.04
20,399,AXITA,EQ,3994269,1885835,47.21
20,400,AXSENSEX,EQ,2755,2461,89.33
20,401,AZAD,EQ,101414,73722,72.69
20,402,BABAFP,SM,9600,8000,83.33
20,403,BAGFILMS,EQ,1410641,645744,45.78
20,404,BAHETI,SM,3750,2250,60.00
20,405,BAJAJ-AUTO,EQ,3668914,1240947,33.82
20,406,BAJAJCON,EQ,349113,161945,46.39
20,407,BAJAJELEC,EQ,26810,12212,45.55
20,408,BAJAJFINSV,EQ,1115879,542404,48.61
20,409,BAJAJHCARE,EQ,75879,51706,68.14
20,410,BAJAJHFL,EQ,18515750,9548305,51.57
20,411,BAJAJHIND,EQ,7824578,3548611,45.35
20,412,BAJAJHLDNG,EQ,36005,15565,43.23
20,413,BAJEL,EQ,301420,177152,58.77
20,414,BAJFINANCE,EQ,689755,292123,42.35
20,415,BALAJEE,EQ,579446,414592,71.55
20,416,BALAMINES,EQ,28173,14107,50.07
20,417,BALAXI,EQ,38490,14956,38.86
20,418,BALCO,ST,3600,3600,100.00
20,419,BALKRISHNA,EQ,87494,50390,57.59
20,420,BALKRISIND,EQ,98754,32293,32.70
20,421,BALMLAWRIE,EQ,301433,127628,42.34
20,422,BALRAMCHIN,EQ,3037476,2206045,72.63
20,423,BALUFORGE,EQ,545042,230906,42.36
20,424,BANARBEADS,EQ,1078058,266753,24.74
20,425,BANARISUG,EQ,1794,1122,62.54
20,426,BANCOINDIA,EQ,80055,42946,53.65
20,427,BANDHANBNK,EQ,13647152,7465250,54.70
20,428,BANG,EQ,86571,62323,71.99
20,429,BANKA,EQ,24454,9674,39.56
20,430,BANKBARODA,EQ,10781332,4886506,45.32
20,431,BANKBEES,EQ,562204,396187,70.47
20,432,BANKBETF,EQ,16906,8699,51.46
20,433,BANKETF,EQ,4759,4102,86.19
20,434,BANKETFADD,EQ,4916,3968,80.72
20,435,BANKIETF,EQ,100083,53729,53.68
20,436,BANKINDIA,EQ,2476072,1235828,49.91
20,437,BANKNIFTY1,EQ,155922,143347,91.94
20,438,BANKPSU,EQ,863,739,85.63
20,439,BANSALWIRE,EQ,140156,56020,39.97
20,440,BANSWRAS,EQ,29233,15299,52.33
20,441,BARBEQUE,EQ,61098,30347,49.67
20,442,BASF,EQ,27925,10855,38.87
20,443,BASILIC,SM,66300,51300,77.38
20,444,BATAINDIA,EQ,450226,221554,49.21
20,445,BAWEJA,SM,88800,84000,94.59
20,446,BAYERCROP,EQ,27203,7845,28.84
20,447,BBETF0432,EQ,1136,914,80.46
20,448,BBL,EQ,15791,10098,63.95
20,449,BBNPNBETF,EQ,654,495,75.69
20,450,BBNPPGOLD,EQ,1652,1308,79.18
20,451,BBOX,EQ,250033,140287,56.11
20,452,BBTC,EQ,221252,37653,17.02
20,453,BBTCL,EQ,5261,3879,73.73
20,454,BCLIND,EQ,1033677,415898,40.23
20,455,BCONCEPTS,EQ,7735,4365,56.43
20,456,BDL,EQ,386714,213968,55.33
20,457,BEACON,SM,24000,20000,83.33
20,458,BEARDSELL,EQ,131255,67268,51.25
20,459,BECTORFOOD,EQ,74824,36746,49.11
20,460,BEDMUTHA,EQ,279559,123913,44.32
20,461,BEL,EQ,11695551,5236164,44.77
20,462,BEML,EQ,422434,109092,25.82
20,463,BEPL,EQ,1729420,690774,39.94
20,464,BERGEPAINT,EQ,504715,171337,33.95
20,465,BESTAGRO,EQ,1150453,312718,27.18
20,466,BETA,SM,6700,4700,70.15
20,467,BEWLTD,SM,2500,2250,90.00
20,468,BFINVEST,EQ,93386,41137,44.05
20,469,BFSI,EQ,264492,181442,68.60
20,470,BFUTILITIE,EQ,388184,163786,42.19
20,471,BHAGCHEM,EQ,76117,39586,52.01
20,472,BHAGYANGR,EQ,197303,104868,53.15
20,473,BHANDARI,EQ,629177,402863,64.03
20,474,BHARATFORG,EQ,1026919,589076,57.36
20,475,BHARATGEAR,EQ,8676,4978,57.38
20,476,BHARATRAS,EQ,2549,1006,39.47
20,477,BHARATWIRE,EQ,98817,57215,57.90
20,478,BHARTIARTL,EQ,4373392,3031306,69.31
20,479,BHARTIHEXA,EQ,208611,76027,36.44
20,480,BHEL,EQ,20613475,7369600,35.75
20,481,BHINVIT,IV,98086,92106,93.90
20,482,BIGBLOC,EQ,695095,259203,37.29
20,483,BIKAJI,EQ,694946,270661,38.95
20,484,BIKEWO,SM,60000,46000,76.67
20,485,BIOCON,EQ,1768096,848200,47.97
20,486,BIOFILCHEM,EQ,42631,25548,59.93
20,487,BIRDYS,SM,1200,1200,100.00
20,488,BIRET,RR,96848,90560,93.51
20,489,BIRLACABLE,EQ,53620,28103,52.41
20,490,BIRLACORPN,EQ,125181,73796,58.95
20,491,BLAL,EQ,40282,20358,50.54
20,492,BLBLIMITED,EQ,342678,205696,60.03
20,493,BLISSGVS,EQ,2584669,703880,27.23
20,494,BLKASHYAP,EQ,277578,178782,64.41
20,495,BLS,EQ,1531051,564187,36.85
20,496,BLSE,EQ,238917,134707,56.38
20,497,BLUEDART,EQ,111737,69144,61.88
20,498,BLUEJET,EQ,29362,13969,47.58
20,499,BLUEPEBBLE,SM,56800,42400,74.65
20,500,BLUESTARCO,EQ,215696,98541,45.69
20,501,BMETRICS,SM,8000,4000,50.00
20,502,BODALCHEM,EQ,926469,519509,56.07
20,503,BOMDYEING,EQ,17617155,3705650,21.03
20,504,BOROLTD,EQ,173360,80927,46.68
20,505,BORORENEW,EQ,139239,69491,49.91
20,506,BOROSCI,EQ,70185,39123,55.74
20,507,BOSCHLTD,EQ,53057,18856,35.54
20,508,BOSS,SM,72000,24000,33.33
20,509,BPCL,EQ,11023063,6018114,54.60
20,510,BPL,EQ,410737,235566,57.35
20,511,BRACEPORT,SM,86400,78400,90.74
20,512,BRIGADE,EQ,209232,153880,73.55
20,513,BRITANNIA,EQ,188121,95110,50.56
20,514,BRNL,EQ,30467,16276,53.42
20,515,BSE,EQ,3627703,915807,25.24
20,516,BSE500IETF,EQ,227828,178594,78.39
20,517,BSHSL,EQ,18367,10687,58.19
20,518,BSL,EQ,18947,10528,55.57
20,519,BSLGOLDETF,EQ,836701,820856,98.11
20,520,BSLNIFTY,EQ,277156,198973,71.79
20,521,BSLSENETFG,EQ,1992,1651,82.88
20,522,BSOFT,EQ,2951371,1137121,38.53
20,523,BTML,EQ,418192,251584,60.16
20,524,BULKCORP,SM,3600,3600,100.00
20,525,BUTTERFLY,EQ,9429,5587,59.25
20,526,BVCL,EQ,13190,7401,56.11
20,527,BYKE,EQ,52544,16969,32.29
20,528,CADSYS,ST,3500,3500,100.00
20,529,CAMLINFINE,EQ,3204036,1448558,45.21
20,530,CAMPUS,EQ,496947,228169,45.91
20,531,CAMS,EQ,956372,310174,32.43
20,532,CANARYS,SM,76000,56000,73.68
20,533,CANBK,EQ,14889333,6935631,46.58
20,534,CANFINHOME,EQ,295183,92173,31.23
20,535,CANTABIL,EQ,121087,54683,45.16
20,536,CAPACITE,EQ,1024238,504307,49.24
20,537,CAPITALSFB,EQ,27432,18054,65.81
20,538,CAPLIPOINT,EQ,51893,24528,47.27
20,539,CARBORUNIV,EQ,75795,47991,63.32
20,540,CARERATING,EQ,207820,95535,45.97
20,541,CARTRADE,EQ,306399,130537,42.60
20,542,CARYSIL,EQ,35874,19807,55.21
20,543,CASTROLIND,EQ,1790643,721227,40.28
20,544,CCL,EQ,135157,69702,51.57
20,545,CDSL,EQ,5857237,1518883,25.93
20,546,CEATLTD,EQ,132449,60675,45.81
20,547,CEIGALL,EQ,193210,106994,55.38
20,548,CELEBRITY,EQ,43457,35511,81.72
20,549,CELLECOR,ST,1314000,1254000,95.43
20,550,CELLO,EQ,71277,41000,57.52
20,551,CELLPOINT,SM,36000,26400,73.33
20,552,CENTENKA,EQ,39383,21680,55.05
20,553,CENTRALBK,EQ,23788568,2450140,10.30
20,554,CENTRUM,EQ,686128,334284,48.72
20,555,CENTUM,EQ,7896,4063,51.46
20,556,CENTURYPLY,EQ,160529,118876,74.05
20,557,CERA,EQ,10244,5160,50.37
20,558,CESC,EQ,2502943,946490,37.82
20,559,CGCL,EQ,152448,65611,43.04
20,560,CGPOWER,EQ,2461780,867792,35.25
20,561,CGRAPHICS,SM,24000,22400,93.33
20,562,CHALET,EQ,84095,43166,51.33
20,563,CHAMBLFERT,EQ,1394610,662774,47.52
20,564,CHAVDA,SM,18000,16000,88.89
20,565,CHEMBOND,EQ,11402,7045,61.79
20,566,CHEMCON,EQ,25450,15119,59.41
20,567,CHEMFAB,EQ,18718,10011,53.48
20,568,CHEMPLASTS,EQ,48253,25623,53.10
20,569,CHENNPETRO,EQ,5661062,599205,10.58
20,570,CHEVIOT,EQ,4086,2992,73.23
20,571,CHOICEIN,EQ,334855,138021,41.22
20,572,CHOLAFIN,EQ,1585872,939790,59.26
20,573,CHOLAHLDNG,EQ,98643,43210,43.80
20,574,CIEINDIA,EQ,103977,61061,58.73
20,575,CIGNITITEC,EQ,275665,206845,75.03
20,576,CINELINE,EQ,14200,10558,74.35
20,577,CINEVISTA,EQ,21032,13919,66.18
20,578,CIPLA,EQ,1498368,850001,56.73
20,579,CLEAN,EQ,287681,181942,63.24
20,580,CLOUD,ST,128000,98000,76.56
20,581,CLSEL,EQ,236496,103052,43.57
20,582,CLSL,SM,18000,12000,66.67
20,583,CMMIPL,ST,30000,30000,100.00
20,584,CMNL,ST,75000,70500,94.00
20,585,CMRSL,SM,42400,36000,84.91
20,586,CMSINFO,EQ,230822,120089,52.03
20,587,COALINDIA,EQ,4334990,1964672,45.32
20,588,COASTCORP,EQ,15198,10864,71.48
20,589,COFORGE,EQ,349843,189802,54.25
20,590,COLPAL,EQ,694550,431066,62.06
20,591,COMMITTED,SM,14400,9600,66.67
20,592,COMMOIETF,EQ,132374,60184,45.47
20,593,COMPUSOFT,EQ,43130,25689,59.56
20,594,COMSYN,EQ,274508,251603,91.66
20,595,CONCOR,EQ,1052737,598160,56.82
20,596,CONCORDBIO,EQ,375127,76727,20.45
20,597,CONFIPET,EQ,635436,295755,46.54
20,598,CONS,EQ,28429,25836,90.88
20,599,CONSOFINVT,EQ,10089,6345,62.89
20,600,CONSUMBEES,EQ,313114,273692,87.41
20,601,CONSUMIETF,EQ,76673,47046,61.36
20,602,CONTI,ST,6666,6666,100.00
20,603,CONTROLPR,EQ,11885,7334,61.71
20,604,COOLCAPS,ST,37750,36500,96.69
20,605,CORDSCABLE,EQ,40405,22712,56.21
20,606,COROMANDEL,EQ,109127,45905,42.07
20,607,COSMOFIRST,EQ,48642,21447,44.09
20,608,COUNCODOS,EQ,39996,26111,65.28
20,609,CPS,ST,3000,3000,100.00
20,610,CPSEETF,EQ,2926801,2118432,72.38
20,611,CRAFTSMAN,EQ,14328,5425,37.86
20,612,CRAYONS,SM,5000,4000,80.00
20,613,CREATIVE,EQ,15332,7199,46.95
20,614,CREATIVEYE,EQ,40476,40476,100.00
20,615,CREDITACC,EQ,541059,156622,28.95
20,616,CREST,EQ,41511,22121,53.29
20,617,CRISIL,EQ,981962,100497,10.23
20,618,CROMPTON,EQ,1939053,1139090,58.74
20,619,CSBBANK,EQ,546161,229643,42.05
20,620,CSLFINANCE,EQ,23541,15474,65.73
20,621,CUB,EQ,1525549,854408,56.01
20,622,CUBEXTUB,EQ,114121,66262,58.06
20,623,CUMMINSIND,EQ,306393,129724,42.34
20,624,CYBERMEDIA,EQ,362601,103258,28.48
20,625,CYIENT,EQ,266810,153835,57.66
20,626,CYIENTDLM,EQ,143248,73591,51.37
20,627,DABUR,EQ,1838328,1052163,57.23
20,628,DALBHARAT,EQ,133432,57209,42.88
20,629,DALMIASUG,EQ,113233,36039,31.83
20,630,DAMODARIND,EQ,66847,23273,34.82
20,631,DANGEE,EQ,365800,235144,64.28
20,632,DATAMATICS,EQ,130003,49343,37.96
20,633,DATAPATTNS,EQ,159085,63193,39.72
20,634,DAVANGERE,EQ,1012694,587171,57.98
20,635,DBCORP,EQ,687250,185535,27.00
20,636,DBL,EQ,142399,62922,44.19
20,637,DBOL,EQ,117238,64744,55.22
20,638,DBREALTY,EQ,2461552,1381700,56.13
20,639,DBSTOCKBRO,EQ,94471,22603,23.93
20,640,DCAL,EQ,2776621,703310,25.33
20,641,DCBBANK,EQ,668182,431652,64.60
20,642,DCG,SM,43200,33600,77.78
20,643,DCMNVL,EQ,25301,7859,31.06
20,644,DCMSHRIRAM,EQ,124901,41162,32.96
20,645,DCMSRIND,EQ,85270,52400,61.45
20,646,DCW,EQ,3957049,1216609,30.75
20,647,DCXINDIA,EQ,208058,132467,63.67
20,648,DECCANCE,EQ,4170,2889,69.28
20,649,DECCANTRAN,SM,79200,70800,89.39
20,650,DEEDEV,EQ,89761,53927,60.08
20,651,DEEM,SM,4000,4000,100.00
20,652,DEEPAKFERT,EQ,361979,114238,31.56
20,653,DEEPAKNTR,EQ,536081,238053,44.41
20,654,DEEPINDS,EQ,162635,95753,58.88
20,655,DELAPLEX,SM,3600,3000,83.33
20,656,DELHIVERY,EQ,710661,457680,64.40
20,657,DELTACORP,EQ,773179,259093,33.51
20,658,DELTAMAGNT,EQ,23979,9171,38.25
20,659,DEN,EQ,1788923,912830,51.03
20,660,DENEERS,SM,7800,2400,30.77
20,661,DENORA,EQ,3803,2084,54.80
20,662,DENTALKART,SM,8750,5250,60.00
20,663,DESTINY,ST,33000,33000,100.00
20,664,DEVIT,EQ,81633,42744,52.36
20,665,DEVYANI,EQ,792980,415019,52.34
20,666,DHAMPURSUG,EQ,287877,140471,48.80
20,667,DHANBANK,EQ,3252908,637478,19.60
20,668,DHANI,EQ,17038864,5091089,29.88
20,669,DHANUKA,EQ,17102,6866,40.15
20,670,DHARIWAL,SM,1200,1200,100.00
20,671,DHARMAJ,EQ,67741,38812,57.29
20,672,DHUNINV,EQ,3056,1576,51.57
20,673,DIAMINESQ,EQ,2689,1818,67.61
20,674,DIAMONDYD,EQ,227225,98116,43.18
20,675,DIGIDRIVE,EQ,54991,40865,74.31
20,676,DIGIKORE,SM,11600,9000,77.59
20,677,DIL,EQ,272009,133398,49.04
20,678,DISHTV,EQ,8879856,3488328,39.28
20,679,DIVGIITTS,EQ,68573,39583,57.72
20,680,DIVISLAB,EQ,290563,133519,45.95
20,681,DIVOPPBEES,EQ,2238918,2137463,95.47
20,682,DIVYADHAN,ST,22000,22000,100.00
20,683,DIXON,EQ,231984,59001,25.43
20,684,DKEGL,SM,15000,9000,60.00
20,685,DLF,EQ,4342357,1958164,45.09
20,686,DLINKINDIA,EQ,131256,81005,61.72
20,687,DMART,EQ,731365,432432,59.13
20,688,DMCC,EQ,11462,7597,66.28
20,689,DODLA,EQ,40106,13672,34.09
20,690,DOLATALGO,EQ,610073,344667,56.50
20,691,DOLLAR,EQ,38876,20408,52.50
20,692,DOLLEX,SM,8000,8000,100.00
20,693,DOMS,EQ,53876,24412,45.31
20,694,DPABHUSHAN,EQ,74635,23659,31.70
20,695,DPEL,SM,777000,423000,54.44
20,696,DPSCLTD,EQ,329482,212533,64.51
20,697,DPWIRES,EQ,13041,8132,62.36
20,698,DRCSYSTEMS,EQ,100134,53693,53.62
20,699,DREAMFOLKS,EQ,68952,35356,51.28
20,700,DREDGECORP,EQ,68745,46551,67.72
20,701,DRONE,ST,48000,46000,95.83
20,702,DRREDDY,EQ,363823,189164,51.99
20,703,DSSL,EQ,20484,10546,51.48
20,704,DTIL,EQ,51674,28171,54.52
20,705,DTL,SM,7200,6000,83.33
20,706,DUCOL,SM,24800,18400,74.19
20,707,DUCON,EQ,1385748,879061,63.44
20,708,DURLAX,SM,54000,32000,59.26
20,709,DVL,EQ,27130,14146,52.14
20,710,DWARKESH,EQ,1324125,764921,57.77
20,711,DYCL,EQ,23457,11383,48.53
20,712,DYNAMATECH,EQ,5579,2003,35.90
20,713,DYNAMIC,ST,28000,28000,100.00
20,714,EASEMYTRIP,EQ,13173691,6121238,46.47
20,715,EBANKNIFTY,EQ,1243,1065,85.68
20,716,EBBETF0425,EQ,18545,13288,71.65
20,717,EBBETF0430,EQ,4715,3885,82.40
20,718,EBBETF0431,EQ,33337,32419,97.25
20,719,EBBETF0433,EQ,2634,844,32.04
20,720,ECLERX,EQ,134189,109893,81.89
20,721,ECOSMOBLTY,EQ,249892,107145,42.88
20,722,EDELWEISS,EQ,3833249,1848960,48.23
20,723,EFACTOR,SM,64800,52800,81.48
20,724,EFFWA,ST,110400,108800,98.55
20,725,EFORCE,SM,25200,12000,47.62
20,726,EGOLD,EQ,98055,97596,99.53
20,727,EICHERMOT,EQ,514244,204035,39.68
20,728,EIDPARRY,EQ,226901,117089,51.60
20,729,EIHAHOTELS,EQ,13974,6370,45.58
20,730,EIHOTEL,EQ,1195607,881097,73.69
20,731,EIMCOELECO,EQ,57304,38704,67.54
20,732,EKC,EQ,614830,264940,43.09
20,733,ELDEHSG,EQ,679,481,70.84
20,734,ELECON,EQ,624367,280337,44.90
20,735,ELECTCAST,EQ,828211,406330,49.06
20,736,ELGIEQUIP,EQ,83602,34493,41.26
20,737,ELIN,EQ,127975,61042,47.70
20,738,EMAMILTD,EQ,266069,161087,60.54
20,739,EMAMIPAP,EQ,31868,22411,70.32
20,740,EMAMIREAL,EQ,29163,20033,68.69
20,741,EMBASSY,RR,629247,595748,94.68
20,742,EMBDL,EQ,3484139,1232218,35.37
20,743,EMCURE,EQ,78482,45578,58.07
20,744,EMIL,EQ,637810,371710,58.28
20,745,EMKAYTOOLS,SM,3600,2100,58.33
20,746,EMMBI,EQ,42769,19581,45.78
20,747,EMMIL,SM,11000,8000,72.73
20,748,EMSLIMITED,EQ,582791,274863,47.16
20,749,EMUDHRA,EQ,176102,58466,33.20
20,750,ENDURANCE,EQ,236127,174454,73.88
20,751,ENERGYDEV,EQ,40435,29536,73.05
20,752,ENFUSE,SM,20400,13200,64.71
20,753,ENGINERSIN,EQ,4038494,1868433,46.27
20,754,ENIL,EQ,18242,9066,49.70
20,755,ENSER,ST,4000,4000,100.00
20,756,ENTERO,EQ,103747,66625,64.22
20,757,ENVIRO,SM,76000,60000,78.95
20,758,EPIGRAL,EQ,69744,22618,32.43
20,759,EPL,EQ,2223428,1135401,51.07
20,760,EQUAL50ADD,EQ,6295,5790,91.98
20,761,EQUITASBNK,EQ,10014124,5094797,50.88
20,762,ERIS,EQ,48808,18777,38.47
20,763,EROSMEDIA,EQ,421350,236207,56.06
20,764,ESABINDIA,EQ,2680,1259,46.98
20,765,ESAFSFB,EQ,627882,293202,46.70
20,766,ESCONET,ST,12000,10400,86.67
20,767,ESCORTS,EQ,164414,55778,33.93
20,768,ESFL,ST,664800,608400,91.52
20,769,ESG,EQ,18073,17395,96.25
20,770,ESILVER,EQ,4084,3233,79.16
20,771,ESPRIT,SM,12800,11200,87.50
20,772,ESSENTIA,EQ,3065820,1637310,53.41
20,773,ESTER,EQ,566958,159946,28.21
20,774,ETHOSLTD,EQ,23164,13667,59.00
20,775,EUREKAFORB,EQ,183213,106967,58.38
20,776,EVEREADY,EQ,118693,57253,48.24
20,777,EVERESTIND,EQ,4602,2499,54.30
20,778,EVINDIA,EQ,1025193,910538,88.82
20,779,EXCEL,EQ,12007757,3839256,31.97
20,780,EXCELINDUS,EQ,14843,8644,58.24
20,781,EXCELLENT,SM,12800,12800,100.00
20,782,EXICOM,EQ,349245,201592,57.72
20,783,EXIDEIND,EQ,3821118,1185891,31.04
20,784,EXPLEOSOL,EQ,17554,13568,77.29
20,785,EXXARO,EQ,667661,267560,40.07
20,786,FACT,EQ,182310,36972,20.28
20,787,FAIRCHEMOR,EQ,13318,7860,59.02
20,788,FALCONTECH,SM,13200,7200,54.55
20,789,FAZE3Q,EQ,9971,4743,47.57
20,790,FCL,EQ,265452,124541,46.92
20,791,FCSSOFT,EQ,2309267,1206036,52.23
20,792,FDC,EQ,99135,37268,37.59
20,793,FEDERALBNK,EQ,6228921,2674980,42.94
20,794,FEDFINA,EQ,380464,269067,70.72
20,795,FELIX,ST,62000,51000,82.26
20,796,FIDEL,SM,2000,2000,100.00
20,797,FIEMIND,EQ,96764,58534,60.49
20,798,FILATEX,EQ,950503,331924,34.92
20,799,FINCABLES,EQ,126441,77165,61.03
20,800,FINEORG,EQ,10401,4844,46.57
20,801,FINIETF,EQ,239040,207026,86.61
20,802,FINOPB,EQ,476713,193391,40.57
20,803,FINPIPE,EQ,1200541,439484,36.61
20,804,FIRSTCRY,EQ,516351,232599,45.05
20,805,FIVESTAR,EQ,1410932,472235,33.47
20,806,FLAIR,EQ,27744,14370,51.79
20,807,FLUOROCHEM,EQ,553640,225301,40.69
20,808,FMCGIETF,EQ,486713,362791,74.54
20,809,FMGOETZE,EQ,33192,21768,65.58
20,810,FOCE,ST,200,200,100.00
20,811,FONEBOX,SM,10000,7000,70.00
20,812,FOODSIN,EQ,96197,44812,46.58
20,813,FORCAS,SM,22400,22400,100.00
20,814,FORCEMOT,EQ,14076,6627,47.08
20,815,FORGEAUTO,ST,57600,57600,100.00
20,816,FORTIS,EQ,937208,676326,72.16
20,817,FOSECOIND,EQ,1289,735,57.02
20,818,FROG,SM,56000,36000,64.29
20,819,FSL,EQ,5416577,1204709,22.24
20,820,FUSION,EQ,201233,128560,63.89
20,821,GABRIEL,EQ,188452,103296,54.81
20,822,GAEL,EQ,1402375,600881,42.85
20,823,GAIL,EQ,15315848,7355493,48.03
20,824,GAJANAND,ST,30000,27000,90.00
20,825,GALAPREC,EQ,255885,50691,19.81
20,826,GALAXYSURF,EQ,21202,6686,31.53
20,827,GANDHAR,EQ,2011596,701001,34.85
20,828,GANDHITUBE,EQ,2826,2110,74.66
20,829,GANECOS,EQ,114298,40277,35.24
20,830,GANESHBE,EQ,167666,116582,69.53
20,831,GANESHHOUC,EQ,113884,57193,50.22
20,832,GANGAFORGE,EQ,138177,97069,70.25
20,833,GANGESSECU,EQ,42044,24472,58.21
20,834,GARFIBRES,EQ,19179,7679,40.04
20,835,GARUDA,EQ,3110944,1271940,40.89
20,836,GATEWAY,EQ,528890,310388,58.69
20,837,GEECEE,EQ,11309,7285,64.42
20,838,GENCON,EQ,144248,121476,84.21
20,839,GENESYS,EQ,96470,55684,57.72
20,840,GENSOL,EQ,66713,40394,60.55
20,841,GENUSPAPER,EQ,428971,207228,48.31
20,842,GENUSPOWER,EQ,1107988,639786,57.74
20,843,GEOJITFSL,EQ,4631436,1351361,29.18
20,844,GEPIL,EQ,67579,40116,59.36
20,845,GESHIP,EQ,381190,173967,45.64
20,846,GFLLIMITED,EQ,519545,205677,39.59
20,847,GGBL,SM,56400,39000,69.15
20,848,GHCL,EQ,97980,52185,53.26
20,849,GHCLTEXTIL,EQ,92816,52248,56.29
20,850,GICHSGFIN,EQ,182115,74900,41.13
20,851,GICL,SM,84000,84000,100.00
20,852,GICRE,EQ,412005,211487,51.33
20,853,GILLANDERS,EQ,6336,4491,70.88
20,854,GILLETTE,EQ,10456,4434,42.41
20,855,GILT5YBEES,EQ,114078,90656,79.47
20,856,GINNIFILA,EQ,31105,19694,63.31
20,857,GIPCL,EQ,174965,79751,45.58
20,858,GIRIRAJ,SM,250,250,100.00
20,859,GKWLIMITED,EQ,223,128,57.40
20,860,GLAND,EQ,96802,57281,59.17
20,861,GLAXO,EQ,104785,51816,49.45
20,862,GLENMARK,EQ,572900,281316,49.10
20,863,GLOBAL,EQ,104246,59469,57.05
20,864,GLOBALPET,SM,46500,30000,64.52
20,865,GLOBUSSPR,EQ,109251,56666,51.87
20,866,GLOSTERLTD,EQ,1272,876,68.87
20,867,GLS,EQ,124819,73274,58.70
20,868,GMBREW,EQ,54241,22101,40.75
20,869,GMDCLTD,EQ,1723414,459416,26.66
20,870,GMMPFAUDLR,EQ,156471,87768,56.09
20,871,GMRINFRA,EQ,16629384,7950644,47.81
20,872,GMRP&UI,EQ,1173990,686121,58.44
20,873,GNA,EQ,22810,13863,60.78
20,874,GNFC,EQ,314860,121005,38.43
20,875,GOACARBON,EQ,38844,14406,37.09
20,876,GOCLCORP,EQ,33699,19254,57.14
20,877,GOCOLORS,EQ,60866,52702,86.59
20,878,GODFRYPHLP,EQ,37850,15005,39.64
20,879,GODHA,EQ,2346934,1267256,54.00
20,880,GODIGIT,EQ,186887,90536,48.44
20,881,GODREJAGRO,EQ,201163,97984,48.71
20,882,GODREJCP,EQ,973342,625305,64.24
20,883,GODREJIND,EQ,105297,45729,43.43
20,884,GODREJPROP,EQ,513893,125564,24.43
20,885,GOKEX,EQ,83987,50122,59.68
20,886,GOKUL,EQ,172060,57987,33.70
20,887,GOKULAGRO,EQ,112040,58081,51.84
20,888,GOLD1,EQ,657087,606481,92.30
20,889,GOLDBEES,EQ,7014298,4727105,67.39
20,890,GOLDCASE,EQ,304740,266684,87.51
20,891,GOLDETF,EQ,126811,110783,87.36
20,892,GOLDETFADD,EQ,25013,22029,88.07
20,893,GOLDIAM,EQ,952392,400458,42.05
20,894,GOLDIETF,EQ,1816838,1725739,94.99
20,895,GOLDSHARE,EQ,224083,205779,91.83
20,896,GOLDSTAR,SM,90000,33750,37.50
20,897,GOODLUCK,EQ,100574,56195,55.87
20,898,GOPAL,EQ,742198,291625,39.29
20,899,GOYALALUM,EQ,240557,185770,77.22
20,900,GOYALSALT,SM,11400,7800,68.42
20,901,GPECO,SM,16800,15600,92.86
20,902,GPIL,EQ,2028561,945842,46.63
20,903,GPPL,EQ,736265,301839,41.00
20,904,GPTHEALTH,EQ,70827,42024,59.33
20,905,GPTINFRA,EQ,42053,27657,65.77
20,906,GRANULES,EQ,1362501,582089,42.72
20,907,GRAPHISAD,ST,13200,13200,100.00
20,908,GRAPHITE,EQ,1141962,228742,20.03
20,909,GRASIM,EQ,529505,197019,37.21
20,910,GRASIMPP1,E1,55870,40467,72.43
20,911,GRAVITA,EQ,468027,182827,39.06
20,912,GRCL,ST,4000,4000,100.00
20,913,GREAVESCOT,EQ,3996910,1343238,33.61
20,914,GREENCHEF,SM,8000,4800,60.00
20,915,GREENLAM,EQ,20310,7670,37.76
20,916,GREENPANEL,EQ,319988,118927,37.17
20,917,GREENPLY,EQ,358106,118825,33.18
20,918,GREENPOWER,EQ,6342734,3130478,49.36
20,919,GRINDWELL,EQ,147243,29765,20.21
20,920,GRINFRA,EQ,29776,11412,38.33
20,921,GRMOVER,EQ,72516,37276,51.40
20,922,GROWWDEFNC,EQ,307496,244698,79.58
20,923,GROWWEV,EQ,1286496,1122956,87.29
20,924,GROWWLIQID,EQ,83318,47969,57.57
20,925,GRSE,EQ,595787,150538,25.27
20,926,GRWRHITECH,EQ,38892,14609,37.56
20,927,GSEC10IETF,EQ,11267,6184,54.89
20,928,GSEC10YEAR,EQ,1321,464,35.12
20,929,GSEC5IETF,EQ,535,414,77.38
20,930,GSFC,EQ,900986,378254,41.98
20,931,GSLSU,EQ,352170,177477,50.40
20,932,GSMFOILS,ST,24000,24000,100.00
20,933,GSPL,EQ,1323799,930602,70.30
20,934,GSS,EQ,14334,8447,58.93
20,935,GSTL,SM,30000,27000,90.00
20,936,GTECJAINX,EQ,38477,28460,73.97
20,937,GTL,EQ,1384352,799175,57.73
20,938,GTLINFRA,EQ,61501075,22021527,35.81
20,939,GTPL,EQ,138024,111558,80.83
20,940,GUFICBIO,EQ,292207,206021,70.51
20,941,GUJALKALI,EQ,148798,65234,43.84
20,942,GUJGASLTD,EQ,1077288,522104,48.46
20,943,GUJRAFFIA,EQ,4555,1802,39.56
20,944,GULFOILLUB,EQ,111365,57201,51.36
20,945,GULFPETRO,EQ,197237,87262,44.24
20,946,GULPOLY,EQ,221558,118119,53.31
20,947,GVPTECH,EQ,47353,32014,67.61
20,948,HAL,EQ,1346544,600584,44.60
20,949,HAPPSTMNDS,EQ,353903,169011,47.76
20,950,HAPPYFORGE,EQ,9972,4369,43.81
20,951,HARDWYN,EQ,3326986,504030,15.15
20,952,HARIOMPIPE,EQ,91894,47911,52.14
20,953,HARSHA,EQ,45073,28910,64.14
20,954,HATHWAY,EQ,2480131,1098833,44.31
20,955,HATSUN,EQ,12634,7606,60.20
20,956,HAVELLS,EQ,3142978,1240417,39.47
20,957,HBLPOWER,EQ,631749,306948,48.59
20,958,HCC,EQ,13907262,4614972,33.18
20,959,HCG,EQ,79566,47023,59.10
20,960,HCLTECH,EQ,2399099,1404033,58.52
20,961,HDFCAMC,EQ,670142,370017,55.21
20,962,HDFCBANK,EQ,7347866,4717214,64.20
20,963,HDFCBSE500,EQ,39226,30930,78.85
20,964,HDFCGOLD,EQ,1375847,1048345,76.20
20,965,HDFCGROWTH,EQ,15125,12444,82.27
20,966,HDFCLIFE,EQ,4310887,2886013,66.95
20,967,HDFCLIQUID,EQ,5072,2826,55.72
20,968,HDFCLOWVOL,EQ,38985,27713,71.09
20,969,HDFCMID150,EQ,347187,286152,82.42
20,970,HDFCMOMENT,EQ,538072,432668,80.41
20,971,HDFCNEXT50,EQ,139204,100933,72.51
20,972,HDFCNIF100,EQ,76072,66263,87.11
20,973,HDFCNIFBAN,EQ,36930,30743,83.25
20,974,HDFCNIFIT,EQ,22094,17079,77.30
20,975,HDFCNIFTY,EQ,57544,50127,87.11
20,976,HDFCPSUBK,EQ,12105,7466,61.68
20,977,HDFCPVTBAN,EQ,132206,122904,92.96
20,978,HDFCQUAL,EQ,10752,4340,40.36
20,979,HDFCSENSEX,EQ,27123,24810,91.47
20,980,HDFCSILVER,EQ,228674,166320,72.73
20,981,HDFCSML250,EQ,552850,362263,65.53
20,982,HDFCVALUE,EQ,3973,2772,69.77
20,983,HEADSUP,EQ,67386,43141,64.02
20,984,HEALTHADD,EQ,724,653,90.19
20,985,HEALTHIETF,EQ,62392,33438,53.59
20,986,HEALTHY,EQ,239797,168081,70.09
20,987,HECPROJECT,EQ,39677,5501,13.86
20,988,HEG,EQ,832050,270707,32.53
20,989,HEIDELBERG,EQ,3753249,953258,25.40
20,990,HEMIPROP,EQ,289663,143677,49.60
20,991,HERANBA,EQ,97450,50406,51.72
20,992,HERITGFOOD,EQ,230705,131539,57.02
20,993,HEROMOTOCO,EQ,1947589,815618,41.88
20,994,HESTERBIO,EQ,2672,1692,63.32
20,995,HEUBACHIND,EQ,236276,116810,49.44
20,996,HFCL,EQ,11767270,4328954,36.79
20,997,HGINFRA,EQ,37086,18292,49.32
20,998,HGS,EQ,21651,10831,50.03
20,999,HIGREEN,ST,58400,57600,98.63
20,1000,HIKAL,EQ,295132,115729,39.21
20,1001,HIL,EQ,8507,3907,45.93
20,1002,HILTON,EQ,72518,41959,57.86
20,1003,HIMATSEIDE,EQ,4470224,1884419,42.15
20,1004,HINDALCO,EQ,6213860,2989859,48.12
20,1005,HINDCOMPOS,EQ,10624,7531,70.89
20,1006,HINDCON,EQ,43702,29813,68.22
20,1007,HINDCOPPER,EQ,2882624,1041862,36.14
20,1008,HINDOILEXP,EQ,743082,354873,47.76
20,1009,HINDPETRO,EQ,11762175,6700771,56.97
20,1010,HINDUNILVR,EQ,1368242,859780,62.84
20,1011,HINDWAREAP,EQ,391343,245278,62.68
20,1012,HINDZINC,EQ,886030,559847,63.19
20,1013,HIRECT,EQ,361478,124135,34.34
20,1014,HISARMETAL,EQ,14680,2275,15.50
20,1015,HITECH,EQ,4394201,2895324,65.89
20,1016,HITECHCORP,EQ,39452,20623,52.27
20,1017,HLEGLAS,EQ,22446,12304,54.82
20,1018,HLVLTD,EQ,2521459,1161775,46.08
20,1019,HMAAGRO,EQ,95905,51094,53.28
20,1020,HMVL,EQ,121579,85543,70.36
20,1021,HNDFDS,EQ,56608,31173,55.07
20,1022,HNGSNGBEES,EQ,571433,472103,82.62
20,1023,HOACFOODS,SM,9000,9000,100.00
20,1024,HOLMARC,SM,3000,1500,50.00
20,1025,HOMEFIRST,EQ,277879,75485,27.16
20,1026,HONASA,EQ,3935848,2953150,75.03
20,1027,HONAUT,EQ,2159,880,40.76
20,1028,HONDAPOWER,EQ,5441,1937,35.60
20,1029,HPAL,EQ,157125,97321,61.94
20,1030,HPIL,EQ,374,281,75.13
20,1031,HPL,EQ,78534,50622,64.46
20,1032,HRHNEXT,ST,48000,48000,100.00
20,1033,HSCL,EQ,3139436,1155125,36.79
20,1034,HTMEDIA,EQ,1050694,557845,53.09
20,1035,HUDCO,EQ,2123323,1013513,47.73
20,1036,HUHTAMAKI,EQ,148096,105468,71.22
20,1037,HVAX,ST,4200,4200,100.00
20,1038,IBLFL,ST,54000,54000,100.00
20,1039,ICEMAKE,EQ,65557,27884,42.53
20,1040,ICICIB22,EQ,602496,443195,73.56
20,1041,ICICIBANK,EQ,8459497,5549943,65.61
20,1042,ICICIGI,EQ,665718,440478,66.17
20,1043,ICICIPRULI,EQ,734313,336209,45.79
20,1044,ICIL,EQ,569899,342969,60.18
20,1045,ICRA,EQ,41837,10828,25.88
20,1046,IDBI,EQ,2906262,1214525,41.79
20,1047,IDEA,EQ,327847932,96864177,29.55
20,1048,IDEAFORGE,EQ,85550,41481,48.49
20,1049,IDEALTECHO,SM,5000,5000,100.00
20,1050,IDFCFIRSTB,EQ,11642217,5822355,50.01
20,1051,IDFNIFTYET,EQ,653,641,98.16
20,1052,IEL,EQ,725495,483497,66.64
20,1053,IEML,SM,13000,11000,84.62
20,1054,IEX,EQ,8275172,3393416,41.01
20,1055,IFBAGRO,EQ,7068,4039,57.14
20,1056,IFBIND,EQ,851649,164761,19.35
20,1057,IFCI,EQ,4236860,1841368,43.46
20,1058,IFCIZC24,NI,10,10,100.00
20,1059,IFGLEXPOR,EQ,11509,6604,57.38
20,1060,IGARASHI,EQ,117095,44710,38.18
20,1061,IGL,EQ,1777516,969792,54.56
20,1062,IGPL,EQ,112599,66734,59.27
20,1063,IIFL,EQ,826643,392142,47.44
20,1064,IIFLSEC,EQ,1569521,899734,57.33
20,1065,IIFLZC25,ND,8,8,100.00
20,1066,IIFLZC25B,NW,1,1,100.00
20,1067,IIFLZC25C,N8,370,370,100.00
20,1068,IIFLZC28C,N6,192,96,50.00
20,1069,IKIO,EQ,86487,52982,61.26
20,1070,IMAGICAA,EQ,820333,433369,52.83
20,1071,IMC1,N0,21,21,100.00
20,1072,IMC1,N1,2,1,50.00
20,1073,IMC1,N3,10,10,100.00
20,1074,IMFA,EQ,76784,44400,57.82
20,1075,IMPAL,EQ,1777,1017,57.23
20,1076,INDBANK,EQ,90673,46661,51.46
20,1077,INDGN,EQ,370459,162483,43.86
20,1078,INDHOTEL,EQ,2084447,866148,41.55
20,1079,INDIACEM,EQ,500013,287034,57.41
20,1080,INDIAGLYCO,EQ,118290,55469,46.89
20,1081,INDIAMART,EQ,528694,281606,53.26
20,1082,INDIANB,EQ,901930,525748,58.29
20,1083,INDIANCARD,EQ,4996,4204,84.15
20,1084,INDIANHUME,EQ,54869,30254,55.14
20,1085,INDIASHLTR,EQ,25252,11793,46.70
20,1086,INDIFRA,SM,4000,4000,100.00
20,1087,INDIGO,EQ,420382,218212,51.91
20,1088,INDIGOPNTS,EQ,216827,98059,45.22
20,1089,INDIGRID,IV,176600,144598,81.88
20,1090,INDNIPPON,EQ,4734,3128,66.08
20,1091,INDOAMIN,EQ,486361,250470,51.50
20,1092,INDOBORAX,EQ,139129,56342,40.50
20,1093,INDOCO,EQ,225145,188573,83.76
20,1094,INDORAMA,EQ,372898,210550,56.46
20,1095,INDOSTAR,EQ,144596,96047,66.42
20,1096,INDOUS,EQ,1689,955,56.54
20,1097,INDRAMEDCO,EQ,165010,77807,47.15
20,1098,INDSWFTLTD,EQ,18724,9639,51.48
20,1099,INDTERRAIN,EQ,72068,40711,56.49
20,1100,INDUSINDBK,EQ,1353852,762109,56.29
20,1101,INDUSTOWER,EQ,5379127,3095256,57.54
20,1102,INFIBEAM,EQ,8371324,2476927,29.59
20,1103,INFINIUM,ST,4000,4000,100.00
20,1104,INFOBEAN,EQ,14993,8361,55.77
20,1105,INFOLLION,SM,144800,111200,76.80
20,1106,INFRABEES,EQ,9358,5370,57.38
20,1107,INFRAIETF,EQ,78157,39665,50.75
20,1108,INFY,EQ,8162822,4019395,49.24
20,1109,INGERRAND,EQ,10174,4329,42.55
20,1110,INM,SM,11400,4800,42.11
20,1111,INNOMET,SM,15600,10800,69.23
20,1112,INNOVACAP,EQ,32650,19999,61.25
20,1113,INNOVANA,SM,400,400,100.00
20,1114,INOXGREEN,EQ,850008,439402,51.69
20,1115,INOXINDIA,EQ,67181,33966,50.56
20,1116,INOXWIND,EQ,5215715,1968609,37.74
20,1117,INSECTICID,EQ,38002,21328,56.12
20,1118,INSPIRE,SM,14000,10000,71.43
20,1119,INTELLECT,EQ,179177,67965,37.93
20,1120,INTERARCH,EQ,289168,95586,33.06
20,1121,INTLCONV,EQ,216846,101677,46.89
20,1122,INVENTURE,EQ,2154041,1496352,69.47
20,1123,IOB,EQ,13245463,2055701,15.52
20,1124,IOC,EQ,13215492,5847996,44.25
20,1125,IOLCP,EQ,143430,69792,48.66
20,1126,IONEXCHANG,EQ,655190,191058,29.16
20,1127,IPCALAB,EQ,463806,224305,48.36
20,1128,IPHL,SM,50400,36000,71.43
20,1129,IPL,EQ,143478,72825,50.76
20,1130,IRB,EQ,7808266,3767118,48.25
20,1131,IRBINVIT,IV,257370,221542,86.08
20,1132,IRCON,EQ,9146991,1868897,20.43
20,1133,IRCTC,EQ,1864160,637431,34.19
20,1134,IREDA,EQ,4518520,1961781,43.42
20,1135,IRFC,EQ,20798933,4452583,21.41
20,1136,IRISDOREME,EQ,82829,27843,33.62
20,1137,IRMENERGY,EQ,76706,57213,74.59
20,1138,ISEC,EQ,128330,63494,49.48
20,1139,ISGEC,EQ,31964,15792,49.41
20,1140,ISHAN,ST,1056000,912000,86.36
20,1141,IT,EQ,54707,43509,79.53
20,1142,ITALIANE,ST,32000,28000,87.50
20,1143,ITBEES,EQ,4502286,3135882,69.65
20,1144,ITC,EQ,7385299,4096098,55.46
20,1145,ITDC,EQ,13423,5380,40.08
20,1146,ITDCEM,EQ,1014709,390863,38.52
20,1147,ITETF,EQ,194160,132122,68.05
20,1148,ITETFADD,EQ,40361,35050,86.84
20,1149,ITI,EQ,196516,63564,32.35
20,1150,ITIETF,EQ,369657,169473,45.85
20,1151,IVP,EQ,11285,6996,61.99
20,1152,IVZINGOLD,EQ,866,816,94.23
20,1153,IVZINNIFTY,EQ,465,456,98.06
20,1154,IXIGO,EQ,548547,211556,38.57
20,1155,JAGRAN,EQ,189285,116479,61.54
20,1156,JAGSNPHARM,EQ,174862,44836,25.64
20,1157,JAIBALAJI,EQ,85905,52484,61.10
20,1158,JAICORPLTD,EQ,539130,150425,27.90
20,1159,JAINAM,SM,1000,1000,100.00
20,1160,JAIPURKURT,EQ,27267,12217,44.81
20,1161,JALAN,SM,60000,45000,75.00
20,1162,JAMNAAUTO,EQ,2745506,1347982,49.10
20,1163,JASH,EQ,60789,32046,52.72
20,1164,JAYAGROGN,EQ,14354,8493,59.17
20,1165,JAYBARMARU,EQ,84298,44359,52.62
20,1166,JAYBEE,SM,70000,49000,70.00
20,1167,JAYNECOIND,EQ,503350,220047,43.72
20,1168,JAYSREETEA,EQ,214245,71737,33.48
20,1169,JBCHEPHARM,EQ,70293,37366,53.16
20,1170,JBMA,EQ,71863,34536,48.06
20,1171,JCHAC,EQ,42849,20279,47.33
20,1172,JEYYAM,SM,314000,204000,64.97
20,1173,JFLLIFE,SM,6000,6000,100.00
20,1174,JGCHEM,EQ,188523,103055,54.66
20,1175,JHS,EQ,135197,79208,58.59
20,1176,JINDALPHOT,EQ,4204,2527,60.11
20,1177,JINDALPOLY,EQ,64131,36497,56.91
20,1178,JINDALSAW,EQ,1535277,727514,47.39
20,1179,JINDALSTEL,EQ,5120919,3073815,60.02
20,1180,JINDRILL,EQ,8432,5720,67.84
20,1181,JINDWORLD,EQ,25715,17312,67.32
20,1182,JIOFIN,EQ,9765396,5288931,54.16
20,1183,JISLDVREQS,EQ,37315,21108,56.57
20,1184,JISLJALEQS,EQ,1849388,974735,52.71
20,1185,JITFINFRA,EQ,12721,7247,56.97
20,1186,JIWANRAM,SM,12000,6000,50.00
20,1187,J&KBANK,EQ,1452261,633332,43.61
20,1188,JKCEMENT,EQ,92674,37529,40.50
20,1189,JKIL,EQ,100974,47407,46.95
20,1190,JKLAKSHMI,EQ,95437,48916,51.25
20,1191,JKPAPER,EQ,361522,148302,41.02
20,1192,JKTYRE,EQ,409165,225481,55.11
20,1193,JLHL,EQ,21669,10931,50.45
20,1194,JMA,EQ,16290,6989,42.90
20,1195,JMFINANCIL,EQ,16390743,3283873,20.03
20,1196,JNKINDIA,EQ,14364,10088,70.23
20,1197,JOCIL,EQ,4034,1932,47.89
20,1198,JPOLYINVST,EQ,8471,4339,51.22
20,1199,JPPOWER,EQ,101229314,42230524,41.72
20,1200,JSFB,EQ,79428,53830,67.77
20,1201,JSL,EQ,652188,288950,44.30
20,1202,JSLL,SM,3780,3600,95.24
20,1203,JSWENERGY,EQ,1324100,507000,38.29
20,1204,JSWHL,EQ,24668,5171,20.96
20,1205,JSWINFRA,EQ,3489130,1185151,33.97
20,1206,JSWSTEEL,EQ,1079467,494305,45.79
20,1207,JTEKTINDIA,EQ,118628,65559,55.26
20,1208,JTLIND,EQ,568841,269922,47.45
20,1209,JUBLFOOD,EQ,1097209,501404,45.70
20,1210,JUBLINDS,EQ,5362,3140,58.56
20,1211,JUBLINGREA,EQ,467471,191985,41.07
20,1212,JUBLPHARMA,EQ,139831,53605,38.34
20,1213,JUNIORBEES,EQ,459686,379708,82.60
20,1214,JUNIPER,EQ,65242,43206,66.22
20,1215,JUSTDIAL,EQ,280651,105722,37.67
20,1216,JWL,EQ,1950095,550951,28.25
20,1217,JYOTHYLAB,EQ,533152,204250,38.31
20,1218,JYOTICNC,EQ,121166,77464,63.93
20,1219,JYOTISTRUC,EQ,17243218,9844020,57.09
20,1220,K2INFRA,SM,80400,39600,49.25
20,1221,KABRAEXTRU,EQ,56827,25248,44.43
20,1222,KAJARIACER,EQ,65736,35917,54.64
20,1223,KAKATCEM,EQ,3067,1831,59.70
20,1224,KALAMANDIR,EQ,132550,80590,60.80
20,1225,KALANA,SM,52000,38000,73.08
20,1226,KALYANIFRG,EQ,832,568,68.27
20,1227,KALYANKJIL,EQ,6400169,2338694,36.54
20,1228,KAMATHOTEL,EQ,18211,13996,76.85
20,1229,KAMDHENU,EQ,78707,31352,39.83
20,1230,KANANIIND,EQ,766923,480186,62.61
20,1231,KANDARP,ST,44000,44000,100.00
20,1232,KANORICHEM,EQ,100900,43079,42.69
20,1233,KANPRPLA,EQ,194603,75531,38.81
20,1234,KANSAINER,EQ,322651,163871,50.79
20,1235,KAPSTON,EQ,12592,5472,43.46
20,1236,KARNIKA,ST,400,400,100.00
20,1237,KARURVYSYA,EQ,14404946,2516986,17.47
20,1238,KATARIA,SM,22800,14400,63.16
20,1239,KAYNES,EQ,188647,61757,32.74
20,1240,KBCGLOBAL,EQ,31177371,11222271,35.99
20,1241,KCEIL,SM,95000,57000,60.00
20,1242,KCK,ST,2000,2000,100.00
20,1243,KCP,EQ,278506,150348,53.98
20,1244,KDDL,EQ,16183,8304,51.31
20,1245,KDL,ST,2200,1700,77.27
20,1246,KEC,EQ,357199,172832,48.39
20,1247,KECL,EQ,108220,61764,57.07
20,1248,KEI,EQ,1366014,477010,34.92
20,1249,KEL,ST,7200,7200,100.00
20,1250,KELLTONTEC,EQ,1281940,389090,30.35
20,1251,KERNEX,EQ,583878,171882,29.44
20,1252,KESORAMIND,EQ,478596,225842,47.19
20,1253,KFINTECH,EQ,985469,338916,34.39
20,1254,KHADIM,EQ,67002,34131,50.94
20,1255,KHAICHEM,EQ,179697,65622,36.52
20,1256,KHANDSE,EQ,13049,7448,57.08
20,1257,KHFM,SM,49600,12400,25.00
20,1258,KICL,EQ,22793,14308,62.77
20,1259,KILITCH,EQ,6327,3957,62.54
20,1260,KIMS,EQ,156230,61852,39.59
20,1261,KINGFA,EQ,5029,2569,51.08
20,1262,KIOCL,EQ,31502,12680,40.25
20,1263,KIRIINDUS,EQ,1005153,510544,50.79
20,1264,KIRLOSBROS,EQ,621117,92102,14.83
20,1265,KIRLOSENG,EQ,156796,64871,41.37
20,1266,KIRLOSIND,EQ,1380,834,60.43
20,1267,KIRLPNU,EQ,151655,88741,58.52
20,1268,KITEX,EQ,330550,163724,49.53
20,1269,KKCL,EQ,13337,9875,74.04
20,1270,KLL,SM,17600,11200,63.64
20,1271,KMSUGAR,EQ,138656,89638,64.65
20,1272,KNAGRI,SM,25600,23200,90.63
20,1273,KNRCON,EQ,390607,211277,54.09
20,1274,KODYTECH,SM,25000,18000,72.00
20,1275,KOHINOOR,EQ,171471,88349,51.52
20,1276,KOKUYOCMLN,EQ,56068,30916,55.14
20,1277,KOLTEPATIL,EQ,9698815,702615,7.24
20,1278,KONSTELEC,SM,16000,11000,68.75
20,1279,KONTOR,ST,42000,33600,80.00
20,1280,KOPRAN,EQ,1586246,598213,37.71
20,1281,KORE,SM,4000,3000,75.00
20,1282,KOTAKBANK,EQ,3541432,2674032,75.51
20,1283,KOTARISUG,EQ,74320,44361,59.69
20,1284,KOTHARIPET,EQ,91922,36075,39.25
20,1285,KOTYARK,SM,37900,30800,81.27
20,1286,KPIL,EQ,1238095,1172731,94.72
20,1287,KPITTECH,EQ,863815,300463,34.78
20,1288,KPRMILL,EQ,70583,26407,37.41
20,1289,KRBL,EQ,1233166,365932,29.67
20,1290,KRIDHANINF,EQ,38592,31306,81.12
20,1291,KRISHANA,EQ,13034,9670,74.19
20,1292,KRISHCA,SM,33000,30000,90.91
20,1293,KRISHNADEF,ST,18000,17000,94.44
20,1294,KRITI,EQ,43159,28182,65.30
20,1295,KRITIKA,EQ,9685428,5316239,54.89
20,1296,KRN,EQ,597455,243124,40.69
20,1297,KRONOX,EQ,236967,109741,46.31
20,1298,KROSS,EQ,134131,65418,48.77
20,1299,KRSNAA,EQ,69564,30899,44.42
20,1300,KRYSTAL,EQ,107047,75515,70.54
20,1301,KSB,EQ,71525,29472,41.21
20,1302,KSCL,EQ,116879,63601,54.42
20,1303,KSHITIJPOL,EQ,7618051,5143586,67.52
20,1304,KSL,EQ,24530,13784,56.19
20,1305,KSOLVES,EQ,21700,11428,52.66
20,1306,KTKBANK,EQ,566564,283719,50.08
20,1307,KTL,ST,21000,21000,100.00
20,1308,KUANTUM,EQ,67862,34515,50.86
20,1309,LAGNAM,EQ,16120,3265,20.25
20,1310,LALPATHLAB,EQ,283634,162952,57.45
20,1311,LAMBODHARA,EQ,25145,10327,41.07
20,1312,LANCORHOL,EQ,123998,76064,61.34
20,1313,LANDMARK,EQ,27296,16130,59.09
20,1314,LAOPALA,EQ,196597,79094,40.23
20,1315,LATENTVIEW,EQ,1642123,398730,24.28
20,1316,LAURUSLABS,EQ,1163315,490295,42.15
20,1317,LAWSIKHO,SM,24500,17500,71.43
20,1318,LAXMICOT,EQ,58972,29272,49.64
20,1319,LEMERITE,ST,75200,52800,70.21
20,1320,LEMONTREE,EQ,2720520,1142514,42.00
20,1321,LEXUS,EQ,282390,112054,39.68
20,1322,LGBBROSLTD,EQ,46296,33049,71.39
20,1323,LIBAS,EQ,56893,39435,69.31
20,1324,LICHSGFIN,EQ,1408387,754471,53.57
20,1325,LICI,EQ,731896,382558,52.27
20,1326,LICMFGOLD,EQ,1334,1146,85.91
20,1327,LICNETFGSC,EQ,27821,20619,74.11
20,1328,LICNETFN50,EQ,5200,4200,80.77
20,1329,LICNETFSEN,EQ,799,106,13.27
20,1330,LICNFNHGP,EQ,1237,896,72.43
20,1331,LICNMID100,EQ,5141,4310,83.84
20,1332,LIKHITHA,EQ,41403,22150,53.50
20,1333,LINC,EQ,12860,7583,58.97
20,1334,LINCOLN,EQ,37694,27644,73.34
20,1335,LINDEINDIA,EQ,51465,20473,39.78
20,1336,LIQUID,EQ,85288,52688,61.78
20,1337,LIQUID1,EQ,55676,53102,95.38
20,1338,LIQUIDADD,EQ,200294,142600,71.20
20,1339,LIQUIDBEES,EQ,1688577,1459325,86.42
20,1340,LIQUIDBETF,EQ,13968,6759,48.39
20,1341,LIQUIDCASE,EQ,3919630,3001937,76.59
20,1342,LIQUIDETF,EQ,487714,422758,86.68
20,1343,LIQUIDIETF,EQ,1188829,758403,63.79
20,1344,LIQUIDSBI,EQ,6905,5476,79.30
20,1345,LIQUIDSHRI,EQ,13587,8871,65.29
20,1346,LLOYDS,SM,7000,7000,100.00
20,1347,LLOYDSENGG,EQ,3356073,1352748,40.31
20,1348,LLOYDSENT,EQ,2186739,1182552,54.08
20,1349,LLOYDSME,EQ,342327,169232,49.44
20,1350,LMW,EQ,1972,1183,59.99
20,1351,LODHA,EQ,963471,546343,56.71
20,1352,LOKESHMACH,EQ,42882,27860,64.97
20,1353,LORDSCHLO,EQ,19387,6690,34.51
20,1354,LOWVOL,EQ,6901,4454,64.54
20,1355,LOWVOL1,EQ,255875,249966,97.69
20,1356,LOWVOLIETF,EQ,1304666,1058433,81.13
20,1357,LOYALTEX,EQ,1311,873,66.59
20,1358,LPDC,EQ,1447133,493437,34.10
20,1359,LRRPL,ST,9000,9000,100.00
20,1360,LT,EQ,2968537,1917213,64.58
20,1361,LTF,EQ,8675146,3750677,43.23
20,1362,LTFOODS,EQ,879587,352339,40.06
20,1363,LTGILTBEES,EQ,2393217,1934285,80.82
20,1364,LTIM,EQ,310484,136042,43.82
20,1365,LTTS,EQ,419933,91011,21.67
20,1366,LUMAXIND,EQ,1399,695,49.68
20,1367,LUMAXTECH,EQ,69487,50164,72.19
20,1368,LUPIN,EQ,596088,317099,53.20
20,1369,LUXIND,EQ,143695,38364,26.70
20,1370,LXCHEM,EQ,1421876,503417,35.41
20,1371,LYKALABS,EQ,136789,88879,64.98
20,1372,MAANALU,EQ,1559709,487944,31.28
20,1373,MADHAV,EQ,7311,4154,56.82
20,1374,MADHUSUDAN,SM,25000,22000,88.00
20,1375,MADRASFERT,EQ,117424,37208,31.69
20,1376,MAFANG,EQ,359531,250549,69.69
20,1377,MAGADSUGAR,EQ,28658,14197,49.54
20,1378,MAGNUM,EQ,182505,74741,40.95
20,1379,MAGSON,SM,24000,22000,91.67
20,1380,MAHABANK,EQ,8800933,3530076,40.11
20,1381,MAHEPC,EQ,65632,41636,63.44
20,1382,MAHESHWARI,EQ,22044,12099,54.89
20,1383,MAHKTECH,EQ,2364448,1606673,67.95
20,1384,MAHLIFE,EQ,167606,95260,56.84
20,1385,MAHLOG,EQ,72576,40050,55.18
20,1386,MAHSCOOTER,EQ,10002,3034,30.33
20,1387,MAHSEAMLES,EQ,144718,94853,65.54
20,1388,MAITHANALL,EQ,24372,15602,64.02
20,1389,MAITREYA,ST,16800,15200,90.48
20,1390,MAKEINDIA,EQ,43285,34630,80.00
20,1391,MAKS,SM,4500,4500,100.00
20,1392,MAL,SM,60800,8000,13.16
20,1393,MALUPAPER,EQ,46026,16934,36.79
20,1394,MANAKALUCO,EQ,206117,73033,35.43
20,1395,MANAKSIA,EQ,93167,47293,50.76
20,1396,MANAKSTEEL,EQ,105716,52296,49.47
20,1397,MANALIPETC,EQ,337147,185088,54.90
20,1398,MANAPPURAM,EQ,3637934,1911436,52.54
20,1399,MANAV,SM,12000,12000,100.00
20,1400,MANBA,EQ,4874804,1376138,28.23
20,1401,MANCREDIT,EQ,29703,5720,19.26
20,1402,MANDEEP,SM,2000,2000,100.00
20,1403,MANGALAM,EQ,14673,9162,62.44
20,1404,MANGCHEFER,EQ,178596,109410,61.26
20,1405,MANGLMCEM,EQ,35822,19789,55.24
20,1406,MANINDS,EQ,308181,185433,60.17
20,1407,MANINFRA,EQ,940212,386073,41.06
20,1408,MANKIND,EQ,162393,67892,41.81
20,1409,MANORAMA,EQ,34439,21024,61.05
20,1410,MANUGRAPH,EQ,19877,8771,44.13
20,1411,MANYAVAR,EQ,50707,18110,35.71
20,1412,MAPMYINDIA,EQ,35497,18118,51.04
20,1413,MARALOVER,EQ,28456,16223,57.01
20,1414,MARATHON,EQ,67581,36874,54.56
20,1415,MARCO,SM,24000,21000,87.50
20,1416,MARICO,EQ,1803690,867666,48.11
20,1417,MARINE,EQ,114368,66126,57.82
20,1418,MARKSANS,EQ,1178121,471113,39.99
20,1419,MARSHALL,EQ,146887,39878,27.15
20,1420,MARUTI,EQ,875937,561563,64.11
20,1421,MASFIN,EQ,230238,142913,62.07
20,1422,MASON,SM,90000,54000,60.00
20,1423,MASPTOP50,EQ,147507,100482,68.12
20,1424,MASTEK,EQ,462415,208139,45.01
20,1425,MATRIMONY,EQ,208969,82045,39.26
20,1426,MAWANASUG,EQ,129037,73121,56.67
20,1427,MAXESTATES,EQ,126555,65683,51.90
20,1428,MAXHEALTH,EQ,913329,632607,69.26
20,1429,MAXIND,EQ,76264,32866,43.10
20,1430,MAXPOSURE,SM,82000,50000,60.98
20,1431,MAYURUNIQ,EQ,42264,24527,58.03
20,1432,MAZDA,EQ,4377,1938,44.28
20,1433,MAZDOCK,EQ,994856,197560,19.86
20,1434,MBAPL,EQ,29948,14326,47.84
20,1435,MCL,EQ,116398,56159,48.25
20,1436,MCLEODRUSS,EQ,1046796,732370,69.96
20,1437,MCON,SM,8000,8000,100.00
20,1438,MCX,EQ,316181,63430,20.06
20,1439,MEDANTA,EQ,529284,380580,71.90
20,1440,MEDIASSIST,EQ,110050,55809,50.71
20,1441,MEDICAMEQ,EQ,18235,9458,51.87
20,1442,MEDPLUS,EQ,252473,147249,58.32
20,1443,MEGAFLEX,ST,6000,6000,100.00
20,1444,MEGASTAR,EQ,1827,1157,63.33
20,1445,MEGATHERM,SM,51200,28800,56.25
20,1446,MENONBE,EQ,20738,9612,46.35
20,1447,METAL,EQ,119691,88792,74.18
20,1448,METALIETF,EQ,4048621,1933127,47.75
20,1449,METROBRAND,EQ,105818,39725,37.54
20,1450,METROPOLIS,EQ,187850,8984,4.78
20,1451,MFSL,EQ,684440,403959,59.02
20,1452,MGL,EQ,302783,116441,38.46
20,1453,MHHL,SM,114000,102000,89.47
20,1454,MHLXMIRU,EQ,21329,13081,61.33
20,1455,MHRIL,EQ,87475,42782,48.91
20,1456,MICEL,EQ,317800,216625,68.16
20,1457,MICROPRO,SM,1600,1600,100.00
20,1458,MID150BEES,EQ,506322,364545,72.00
20,1459,MID150CASE,EQ,418065,245533,58.73
20,1460,MIDCAP,EQ,53291,41587,78.04
20,1461,MIDCAPETF,EQ,2602379,2145622,82.45
20,1462,MIDCAPIETF,EQ,565954,443923,78.44
20,1463,MIDHANI,EQ,210502,84547,40.16
20,1464,MIDQ50ADD,EQ,1481,1239,83.66
20,1465,MIDSELIETF,EQ,245306,152794,62.29
20,1466,MIDSMALL,EQ,262980,159117,60.51
20,1467,MIEL,ST,18000,18000,100.00
20,1468,MILTON,SM,4400,4400,100.00
20,1469,MINDACORP,EQ,784469,430789,54.91
20,1470,MINDSPACE,RR,91617,73915,80.68
20,1471,MIRZAINT,EQ,104052,66318,63.74
20,1472,MITCON,EQ,8005,5153,64.37
20,1473,MITCONPP,E1,664,561,84.49
20,1474,MITTAL,EQ,2269280,1822681,80.32
20,1475,M&M,EQ,3622197,2181223,60.22
20,1476,M&MFIN,EQ,2265105,1137488,50.22
20,1477,MMFL,EQ,25667,15956,62.17
20,1478,MMTC,EQ,990234,484179,48.90
20,1479,MNC,EQ,102723,90855,88.45
20,1480,MODEFENCE,EQ,330971,274192,82.84
20,1481,MOGSEC,EQ,83824,83345,99.43
20,1482,MOHEALTH,EQ,261005,239163,91.63
20,1483,MOHITIND,EQ,16346,13635,83.41
20,1484,MOIL,EQ,671617,318024,47.35
20,1485,MOL,EQ,3549522,1221166,34.40
20,1486,MOLDTECH,EQ,22771,12302,54.02
20,1487,MOLDTKPAC,EQ,28292,17174,60.70
20,1488,MOLOWVOL,EQ,16113,8792,54.56
20,1489,MOM100,EQ,515011,387131,75.17
20,1490,MOM30IETF,EQ,2435224,1986938,81.59
20,1491,MOM50,EQ,5963,4241,71.12
20,1492,MOMENTUM,EQ,208538,195823,93.90
20,1493,MOMENTUM50,EQ,621222,603857,97.20
20,1494,MOMOMENTUM,EQ,480211,391301,81.49
20,1495,MON100,EQ,281299,183331,65.17
20,1496,MONARCH,EQ,216095,100878,46.68
20,1497,MONIFTY500,EQ,572655,458368,80.04
20,1498,MONQ50,EQ,66667,48934,73.40
20,1499,MONTECARLO,EQ,26762,11954,44.67
20,1500,MOQUALITY,EQ,3889,3331,85.65
20,1501,MOREALTY,EQ,284776,231720,81.37
20,1502,MOREPENLAB,EQ,22345982,6454435,28.88
20,1503,MOS,ST,226400,224800,99.29
20,1504,MOSMALL250,EQ,372086,290806,78.16
20,1505,MOTHERSON,EQ,11841834,4524753,38.21
20,1506,MOTILALOFS,EQ,4810536,1219168,25.34
20,1507,MOTOGENFIN,EQ,21454,13665,63.69
20,1508,MOVALUE,EQ,102523,78413,76.48
20,1509,MOXSH,SM,3200,3200,100.00
20,1510,MPHASIS,EQ,5357551,1214848,22.68
20,1511,MPSLTD,EQ,40962,18466,45.08
20,1512,MRF,EQ,3163,806,25.48
20,1513,MRO-TEK,EQ,238163,156907,65.88
20,1514,MRPL,EQ,3927867,662156,16.86
20,1515,MSTCLTD,EQ,149301,59183,39.64
20,1516,MSUMI,EQ,5602872,4024139,71.82
20,1517,MTARTECH,EQ,114016,54304,47.63
20,1518,MTNL,EQ,2018741,982286,48.66
20,1519,MUFIN,EQ,78876,45510,57.70
20,1520,MUFTI,EQ,86478,46420,53.68
20,1521,MUKANDLTD,EQ,54267,36859,67.92
20,1522,MUKKA,EQ,675541,388908,57.57
20,1523,MULTICAP,EQ,175727,128118,72.91
20,1524,MUNJALAU,EQ,1533275,478969,31.24
20,1525,MUNJALSHOW,EQ,78725,31849,40.46
20,1526,MURUDCERA,EQ,62776,18410,29.33
20,1527,MUTHOOTCAP,EQ,98156,42735,43.54
20,1528,MUTHOOTFIN,EQ,406410,117584,28.93
20,1529,MUTHOOTMF,EQ,96800,62588,64.66
20,1530,MVGJL,EQ,243802,104964,43.05
20,1531,MVKAGRO,SM,14400,10800,75.00
20,1532,MWL,SM,54000,38400,71.11
20,1533,MYMUDRA,SM,19200,16800,87.50
20,1534,NACLIND,EQ,199439,52145,26.15
20,1535,NAGAFERT,EQ,1046000,634704,60.68
20,1536,NAGREEKCAP,EQ,18335,10901,59.45
20,1537,NAHARCAP,EQ,11835,7512,63.47
20,1538,NAHARINDUS,EQ,52157,31462,60.32
20,1539,NAHARSPING,EQ,29879,17908,59.94
20,1540,NAMAN,ST,16000,16000,100.00
20,1541,NAM-INDIA,EQ,623526,240387,38.55
20,1542,NAMOEWASTE,SM,70400,46400,65.91
20,1543,NARMADA,EQ,457976,305975,66.81
20,1544,NATCOPHARM,EQ,353345,195900,55.44
20,1545,NATHBIOGEN,EQ,36004,33441,92.88
20,1546,NATIONALUM,EQ,49129394,15468692,31.49
20,1547,NAUKRI,EQ,274035,159260,58.12
20,1548,NAVA,EQ,135683,80077,59.02
20,1549,NAVINFLUOR,EQ,231234,95566,41.33
20,1550,NAVINIFTY,EQ,394,344,87.31
20,1551,NAVKARCORP,EQ,1123342,414188,36.87
20,1552,NAVNETEDUL,EQ,90319,59910,66.33
20,1553,NAZARA,EQ,239343,104738,43.76
20,1554,NBCC,EQ,3361952,1497595,44.55
20,1555,NBIFIN,EQ,309,294,95.15
20,1556,NCC,EQ,2554799,1272765,49.82
20,1557,NCLIND,EQ,31389,16330,52.02
20,1558,NDLVENTURE,EQ,25052,12350,49.30
20,1559,NDRAUTO,EQ,16153,8974,55.56
20,1560,NDTV,EQ,69493,40656,58.50
20,1561,NELCAST,EQ,57284,34471,60.18
20,1562,NELCO,EQ,71922,39067,54.32
20,1563,NEOGEN,EQ,37745,12496,33.11
20,1564,NEPHROCARE,ST,11200,11200,100.00
20,1565,NESCO,EQ,69243,42941,62.01
20,1566,NESTLEIND,EQ,2627754,1327292,50.51
20,1567,NETF,EQ,3551,2804,78.96
20,1568,NETWEB,EQ,82079,37601,45.81
20,1569,NETWORK18,EQ,3232161,996645,30.84
20,1570,NEULANDLAB,EQ,29420,12707,43.19
20,1571,NEWGEN,EQ,286146,113469,39.65
20,1572,NEWJAISA,SM,45000,39000,86.67
20,1573,NEXT50,EQ,26230,21574,82.25
20,1574,NEXT50IETF,EQ,973526,842807,86.57
20,1575,NFL,EQ,1394800,356133,25.53
20,1576,NGIL,EQ,173904,64881,37.31
20,1577,NGLFINE,EQ,1888,1155,61.18
20,1578,NH,EQ,160391,90203,56.24
20,1579,NHPC,EQ,23258469,12940569,55.64
20,1580,NIACL,EQ,594079,246305,41.46
20,1581,NIBL,EQ,25664,11365,44.28
20,1582,NIDAN,SM,10000,9000,90.00
20,1583,NIF100BEES,EQ,48328,43634,90.29
20,1584,NIF100IETF,EQ,213435,122574,57.43
20,1585,NIF10GETF,EQ,2236,1030,46.06
20,1586,NIF5GETF,EQ,86127,86081,99.95
20,1587,NIFITETF,EQ,374,271,72.46
20,1588,NIFMID150,EQ,1640,1397,85.18
20,1589,NIFTY1,EQ,72614,57726,79.50
20,1590,NIFTY50ADD,EQ,9288,7929,85.37
20,1591,NIFTYBEES,EQ,4321550,3488380,80.72
20,1592,NIFTYBETF,EQ,6126,5515,90.03
20,1593,NIFTYETF,EQ,938545,910916,97.06
20,1594,NIFTYIETF,EQ,273003,212423,77.81
20,1595,NIFTYQLITY,EQ,97215,84479,86.90
20,1596,NIITLTD,EQ,1322228,519035,39.25
20,1597,NIITMTS,EQ,70819,42481,59.99
20,1598,NILAINFRA,EQ,669049,381634,57.04
20,1599,NILKAMAL,EQ,4036,2388,59.17
20,1600,NINSYS,EQ,92169,41262,44.77
20,1601,NIPPOBATRY,EQ,2192,1227,55.98
20,1602,NIRMAN,ST,13200,10800,81.82
20,1603,NITCO,EQ,260041,260041,100.00
20,1604,NITINSPIN,EQ,83436,39969,47.90
20,1605,NITIRAJ,EQ,6535,4093,62.63
20,1606,NKIND,EQ,1991,951,47.76
20,1607,NLCINDIA,EQ,915567,430736,47.05
20,1608,NMDC,EQ,10499236,3123135,29.75
20,1609,NOCIL,EQ,743469,361542,48.63
20,1610,NORTHARC,EQ,542532,245441,45.24
20,1611,NPBET,EQ,1706,1196,70.11
20,1612,NPST,SM,31800,21900,68.87
20,1613,NRAIL,EQ,14651,11164,76.20
20,1614,NRBBEARING,EQ,107925,65981,61.14
20,1615,NRL,EQ,526105,261271,49.66
20,1616,NSIL,EQ,134282,47585,35.44
20,1617,NSLNISP,EQ,2480207,1205391,48.60
20,1618,NTPC,EQ,11968387,6940723,57.99
20,1619,NUCLEUS,EQ,15389,8361,54.33
20,1620,NURECA,EQ,54772,37173,67.87
20,1621,NUVAMA,EQ,130821,45414,34.71
20,1622,NUVOCO,EQ,415112,140593,33.87
20,1623,NV20,EQ,9257,5344,57.73
20,1624,NV20BEES,EQ,11741,8974,76.43
20,1625,NV20IETF,EQ,521971,270420,51.81
20,1626,NXST,RR,523529,453997,86.72
20,1627,NYKAA,EQ,9336373,5310076,56.88
20,1628,OAL,EQ,11210,5605,50.00
20,1629,OBCL,EQ,15024,10267,68.34
20,1630,OBEROIRLTY,EQ,2310430,828939,35.88
20,1631,OFSS,EQ,95010,45378,47.76
20,1632,OIL,EQ,4053280,1990665,49.11
20,1633,OILIETF,EQ,2539772,1402963,55.24
20,1634,OLAELEC,EQ,16578506,4812503,29.03
20,1635,OLECTRA,EQ,469804,166327,35.40
20,1636,OLIL,SM,6000,4800,80.00
20,1637,OMAXAUTO,EQ,69801,37482,53.70
20,1638,OMAXE,EQ,186081,119553,64.25
20,1639,OMINFRAL,EQ,61619,41169,66.81
20,1640,ONDOOR,SM,1200,1200,100.00
20,1641,ONEPOINT,EQ,464833,274831,59.12
20,1642,ONGC,EQ,13343303,7646144,57.30
20,1643,ONMOBILE,EQ,923855,264119,28.59
20,1644,ONWARDTEC,EQ,112735,65269,57.90
20,1645,ORBTEXP,EQ,34680,19388,55.91
20,1646,ORCHPHARMA,EQ,18522,7510,40.55
20,1647,ORIANA,SM,70950,40200,56.66
20,1648,ORICONENT,EQ,205053,108751,53.04
20,1649,ORIENTBELL,EQ,6499,4866,74.87
20,1650,ORIENTCEM,EQ,8967579,2808156,31.31
20,1651,ORIENTCER,EQ,48821,21982,45.03
20,1652,ORIENTELEC,EQ,105837,55515,52.45
20,1653,ORIENTHOT,EQ,148274,57184,38.57
20,1654,ORIENTLTD,EQ,97704,18934,19.38
20,1655,ORIENTPPR,EQ,304461,161341,52.99
20,1656,ORIENTTECH,EQ,279416,104942,37.56
20,1657,ORISSAMINE,EQ,11562,6467,55.93
20,1658,ORTINGLOBE,EQ,19324,10853,56.16
20,1659,OSELDEVICE,SM,200800,96800,48.21
20,1660,OSWALGREEN,EQ,595030,255228,42.89
20,1661,OSWALSEEDS,EQ,76218,49572,65.04
20,1662,OWAIS,SM,6400,4800,75.00
20,1663,PAGEIND,EQ,16313,7445,45.64
20,1664,PAISALO,EQ,3056006,1635162,53.51
20,1665,PAKKA,EQ,61002,42771,70.11
20,1666,PALASHSECU,EQ,390312,68146,17.46
20,1667,PANAMAPET,EQ,20074,13184,65.68
20,1668,PAR,EQ,18024,10027,55.63
20,1669,PARACABLES,EQ,841080,402474,47.85
20,1670,PARADEEP,EQ,2077796,771384,37.13
20,1671,PARAGMILK,EQ,2406884,1086615,45.15
20,1672,PARAGON,SM,15600,12000,76.92
20,1673,PARAMATRIX,SM,8400,8400,100.00
20,1674,PARAMOUNT,ST,27600,26400,95.65
20,1675,PARAS,EQ,70012,43626,62.31
20,1676,PARKHOTELS,EQ,63206,32002,50.63
20,1677,PARTYCRUS,SM,16000,14000,87.50
20,1678,PATANJALI,EQ,242393,136015,56.11
20,1679,PATELENG,EQ,12183138,4191521,34.40
20,1680,PATINTLOG,EQ,367963,152236,41.37
20,1681,PATTECH,ST,3000,3000,100.00
20,1682,PAYTM,EQ,5610775,1759357,31.36
20,1683,PCBL,EQ,2062694,1198424,58.10
20,1684,PCCL,SM,8800,8000,90.91
20,1685,PDMJEPAPER,EQ,167311,105787,63.23
20,1686,PDSL,EQ,46468,26937,57.97
20,1687,PEARLPOLY,EQ,174534,74950,42.94
20,1688,PEL,EQ,1293598,448882,34.70
20,1689,PELATRO,SM,34800,25800,74.14
20,1690,PENIND,EQ,1320429,508870,38.54
20,1691,PENINLAND,EQ,1805617,455349,25.22
20,1692,PENTAGON,SM,16000,16000,100.00
20,1693,PERSISTENT,EQ,250036,105321,42.12
20,1694,PETRONET,EQ,2098358,1384761,65.99
20,1695,PFC,EQ,5208293,2084458,40.02
20,1696,PFIZER,EQ,52826,16840,31.88
20,1697,PFOCUS,EQ,150786,86963,57.67
20,1698,PFS,EQ,1006698,568504,56.47
20,1699,PGEL,EQ,1226666,574743,46.85
20,1700,PGHH,EQ,1834,889,48.47
20,1701,PGHL,EQ,5062,3110,61.44
20,1702,PGIL,EQ,38530,21434,55.63
20,1703,PGINVIT,IV,876640,860232,98.13
20,1704,PHANTOMFX,SM,19200,13200,68.75
20,1705,PHARMABEES,EQ,3273476,1915531,58.52
20,1706,PHOENIXLTD,EQ,244018,118752,48.67
20,1707,PHOGLOBAL,SM,98000,62000,63.27
20,1708,PIDILITIND,EQ,457113,209816,45.90
20,1709,PIIND,EQ,92938,43406,46.70
20,1710,PILANIINVS,EQ,12159,5845,48.07
20,1711,PILITA,EQ,617958,314267,50.86
20,1712,PIONEEREMB,EQ,39226,27061,68.99
20,1713,PITTIENG,EQ,24833,13495,54.34
20,1714,PIXTRANS,EQ,42799,20478,47.85
20,1715,PKTEA,EQ,913,474,51.92
20,1716,PLADAINFO,SM,3000,3000,100.00
20,1717,PLATIND,EQ,641379,222704,34.72
20,1718,PLAZACABLE,EQ,594212,173160,29.14
20,1719,PNB,EQ,18076891,8660170,47.91
20,1720,PNBGILTS,EQ,270606,143896,53.18
20,1721,PNBHOUSING,EQ,456324,193610,42.43
20,1722,PNC,EQ,26945,13097,48.61
20,1723,PNCINFRA,EQ,535748,214497,40.04
20,1724,PNGJL,EQ,300197,168346,56.08
20,1725,POCL,EQ,281402,169685,60.30
20,1726,PODDARMENT,EQ,6966,4923,70.67
20,1727,POKARNA,EQ,38934,17134,44.01
20,1728,POLICYBZR,EQ,1063409,678937,63.85
20,1729,POLYCAB,EQ,734999,228182,31.05
20,1730,POLYMED,EQ,56706,23126,40.78
20,1731,POLYPLEX,EQ,97661,55979,57.32
20,1732,PONNIERODE,EQ,15449,8403,54.39
20,1733,POONAWALLA,EQ,741726,420352,56.67
20,1734,POSITRON,SM,33000,19200,58.18
20,1735,POWERGRID,EQ,17039729,11877063,69.70
20,1736,POWERINDIA,EQ,26410,9924,37.58
20,1737,POWERMECH,EQ,69901,33862,48.44
20,1738,PPAP,EQ,7050,5438,77.13
20,1739,PPL,EQ,389636,119343,30.63
20,1740,PPLPHARMA,EQ,4231489,1329776,31.43
20,1741,PPSL,SM,36000,18000,50.00
20,1742,PRAJIND,EQ,1043198,324839,31.14
20,1743,PRAKASH,EQ,418617,215768,51.54
20,1744,PRAKASHSTL,EQ,269710,204984,76.00
20,1745,PRAMARA,SM,42000,42000,100.00
20,1746,PRANIK,ST,1000000,1000000,100.00
20,1747,PRATHAM,ST,24000,24000,100.00
20,1748,PRECAM,EQ,8613284,895604,10.40
20,1749,PRECISION,SM,14000,12000,85.71
20,1750,PRECOT,EQ,922,547,59.33
20,1751,PRECWIRE,EQ,611769,257525,42.10
20,1752,PREMEXPLN,EQ,86599,58104,67.10
20,1753,PREMIERENE,EQ,1842194,865246,46.97
20,1754,PREMIERPOL,EQ,330454,92409,27.96
20,1755,PRESSTONIC,SM,14400,9600,66.67
20,1756,PRESTIGE,EQ,782319,389416,49.78
20,1757,PRICOLLTD,EQ,236883,145664,61.49
20,1758,PRIMESECU,EQ,127813,71657,56.06
20,1759,PRINCEPIPE,EQ,114371,53205,46.52
20,1760,PRITI,EQ,19952,13342,66.87
20,1761,PRITIKA,ST,28000,24000,85.71
20,1762,PRITIKAUTO,EQ,275473,160018,58.09
20,1763,PRIVISCL,EQ,48422,26974,55.71
20,1764,PRIZOR,ST,78400,73600,93.88
20,1765,PRLIND,SM,72000,36000,50.00
20,1766,PROLIFE,SM,9000,9000,100.00
20,1767,PROPEQUITY,SM,8400,7200,85.71
20,1768,PROZONER,EQ,272892,152319,55.82
20,1769,PRSMJOHNSN,EQ,898464,210946,23.48
20,1770,PRUDENT,EQ,18081,7559,41.81
20,1771,PSB,EQ,513658,179459,34.94
20,1772,PSFL,SM,74000,58000,78.38
20,1773,PSPPROJECT,EQ,19570,10360,52.94
20,1774,PSUBANK,EQ,4475,1913,42.75
20,1775,PSUBANKADD,EQ,4300,2699,62.77
20,1776,PSUBNKBEES,EQ,1604375,1083065,67.51
20,1777,PSUBNKIETF,EQ,134083,73102,54.52
20,1778,PTC,EQ,1030815,424393,41.17
20,1779,PTCIL,EQ,5576,3686,66.10
20,1780,PTL,EQ,38206,26614,69.66
20,1781,PULZ,ST,5000,5000,100.00
20,1782,PUNJABCHEM,EQ,13426,8803,65.57
20,1783,PURVA,EQ,73248,47576,64.95
20,1784,PURVFLEXI,SM,94400,54400,57.63
20,1785,PVRINOX,EQ,486279,187106,38.48
20,1786,PVSL,EQ,150584,83426,55.40
20,1787,PVTBANIETF,EQ,3046570,2718380,89.23
20,1788,PVTBANKADD,EQ,155044,132738,85.61
20,1789,PYRAMID,EQ,4115394,1022933,24.86
20,1790,QGOLDHALF,EQ,50973,45147,88.57
20,1791,QMSMEDI,SM,1000,1000,100.00
20,1792,QNIFTY,EQ,245,157,64.08
20,1793,QUADPRO,SM,12000,12000,100.00
20,1794,QUAL30IETF,EQ,526897,310004,58.84
20,1795,QUESS,EQ,172891,55784,32.27
20,1796,QUESTLAB,SM,85200,78000,91.55
20,1797,QUICKHEAL,EQ,240753,56814,23.60
20,1798,QUICKTOUCH,SM,5500,4000,72.73
20,1799,QVCEL,ST,16000,12800,80.00
20,1800,RACE,EQ,30936,14744,47.66
20,1801,RADIANTCMS,EQ,93562,52851,56.49
20,1802,RADICO,EQ,98056,29676,30.26
20,1803,RADIOCITY,EQ,133503,62392,46.73
20,1804,RADIOCITY,P1,164,164,100.00
20,1805,RAILTEL,EQ,6799309,887579,13.05
20,1806,RAIN,EQ,4433472,1531550,34.55
20,1807,RAINBOW,EQ,47953,21322,44.46
20,1808,RAJESHEXPO,EQ,404401,107623,26.61
20,1809,RAJINDLTD,SM,72000,51000,70.83
20,1810,RAJMET,EQ,1562379,710789,45.49
20,1811,RAJRATAN,EQ,14766,9004,60.98
20,1812,RAJSREESUG,EQ,45501,23398,51.42
20,1813,RALLIS,EQ,5081104,763559,15.03
20,1814,RAMANEWS,EQ,71043,41799,58.84
20,1815,RAMAPHO,EQ,33564,15538,46.29
20,1816,RAMASTEEL,EQ,14160756,4451334,31.43
20,1817,RAMCOCEM,EQ,609357,281967,46.27
20,1818,RAMCOIND,EQ,55275,33989,61.49
20,1819,RAMCOSYS,EQ,50800,27625,54.38
20,1820,RAMKY,EQ,81663,45911,56.22
20,1821,RAMRAT,EQ,72249,41014,56.77
20,1822,RANASUG,EQ,183530,128544,70.04
20,1823,RANEHOLDIN,EQ,16139,8852,54.85
20,1824,RAPPID,SM,36000,12600,35.00
20,1825,RATEGAIN,EQ,131565,69764,53.03
20,1826,RATNAMANI,EQ,11572,4904,42.38
20,1827,RAYMOND,EQ,355271,116795,32.87
20,1828,RAYMONDLSL,EQ,136982,61367,44.80
20,1829,RBA,EQ,1181570,732582,62.00
20,1830,RBLBANK,EQ,6868456,2832901,41.25
20,1831,RBMINFRA,ST,16400,15200,92.68
20,1832,RBS,SM,72000,46400,64.44
20,1833,RCDL,SM,9000,9000,100.00
20,1834,RCF,EQ,2687984,430484,16.02
20,1835,RECLTD,EQ,9728282,5587363,57.43
20,1836,REDINGTON,EQ,729810,413103,56.60
20,1837,REDTAPE,EQ,159372,75144,47.15
20,1838,REFRACTORY,ST,48000,40000,83.33
20,1839,RELAXO,EQ,61902,29378,47.46
20,1840,RELCHEMQ,EQ,3442,1558,45.26
20,1841,RELIANCE,EQ,7771830,4906216,63.13
20,1842,RELIGARE,EQ,468872,238232,50.81
20,1843,REMSONSIND,EQ,98695,71160,72.10
20,1844,REMUS,SM,1200,1000,83.33
20,1845,RENUKA,EQ,12233718,4642074,37.94
20,1846,REPCOHOME,EQ,51632,27862,53.96
20,1847,REPL,EQ,30269,16713,55.21
20,1848,REPRO,EQ,13184,8002,60.69
20,1849,RESPONIND,EQ,503042,74985,14.91
20,1850,REVATHIEQU,EQ,3244,2339,72.10
20,1851,REXPIPES,SM,2000,2000,100.00
20,1852,RGL,EQ,2556209,715437,27.99
20,1853,RHIM,EQ,142558,72755,51.04
20,1854,RHL,EQ,19306,17187,89.02
20,1855,RICOAUTO,EQ,294284,161080,54.74
20,1856,RIIL,EQ,168569,45133,26.77
20,1857,RILINFRA,ST,26800,25200,94.03
20,1858,RISHABH,EQ,27016,13582,50.27
20,1859,RITCO,EQ,638426,253143,39.65
20,1860,RITES,EQ,3786346,529905,14.00
20,1861,RITEZONE,SM,96000,64000,66.67
20,1862,RKEC,EQ,51975,27385,52.69
20,1863,RKFORGE,EQ,339540,135002,39.76
20,1864,RKSWAMY,EQ,139689,47601,34.08
20,1865,RMDRIP,ST,1000,1000,100.00
20,1866,RML,EQ,13862,7180,51.80
20,1867,RNFI,SM,15600,15600,100.00
20,1868,ROCKINGDCE,SM,11500,4000,34.78
20,1869,ROHLTD,EQ,81458,47009,57.71
20,1870,ROLEXRINGS,EQ,4180,1882,45.02
20,1871,ROML,EQ,3165,2333,73.71
20,1872,ROSSARI,EQ,124881,41119,32.93
20,1873,ROTO,EQ,35702,20974,58.75
20,1874,ROUTE,EQ,41001,22863,55.76
20,1875,ROXHITECH,SM,52800,36800,69.70
20,1876,RPEL,EQ,144053,50471,35.04
20,1877,RPGLIFE,EQ,18838,7810,41.46
20,1878,RPPL,EQ,191348,108922,56.92
20,1879,RPSGVENT,EQ,68477,44427,64.88
20,1880,RPTECH,EQ,224421,95978,42.77
20,1881,RRKABEL,EQ,100071,75534,75.48
20,1882,RSWM,EQ,55246,35151,63.63
20,1883,RSYSTEMS,EQ,341934,159228,46.57
20,1884,RTNINDIA,EQ,3254903,2240352,68.83
20,1885,RTNPOWER,EQ,11495606,7658645,66.62
20,1886,RUBFILA,EQ,96691,45512,47.07
20,1887,RUBYMILLS,EQ,28846,20204,70.04
20,1888,RUCHIRA,EQ,23819,13053,54.80
20,1889,RULKA,SM,6600,6000,90.91
20,1890,RUPA,EQ,100902,62630,62.07
20,1891,RUSHIL,EQ,580578,385769,66.45
20,1892,RUSTOMJEE,EQ,32288,18074,55.98
20,1893,RVHL,EQ,74529,26140,35.07
20,1894,RVNL,EQ,19634045,2971522,15.13
20,1895,SAAKSHI,SM,22800,22200,97.37
20,1896,SABAR,SM,25000,20000,80.00
20,1897,SADBHAV,EQ,1412243,851124,60.27
20,1898,SADBHIN,EQ,186115,132333,71.10
20,1899,SADHAV,SM,15600,13200,84.62
20,1900,SADHNANIQ,EQ,199359,87611,43.95
20,1901,SAFARI,EQ,32619,17220,52.79
20,1902,SAGARDEEP,EQ,27347,7453,27.25
20,1903,SAGCEM,EQ,22531,13033,57.84
20,1904,SAH,EQ,233337,155750,66.75
20,1905,SAHAJ,SM,32000,20000,62.50
20,1906,SAHAJSOLAR,ST,26400,25600,96.97
20,1907,SAHANA,SM,9000,7750,86.11
20,1908,SAHASRA,ST,441200,387600,87.85
20,1909,SAHYADRI,EQ,8030,5220,65.01
20,1910,SAIFL,SM,10400,8800,84.62
20,1911,SAIL,EQ,15490412,7246815,46.78
20,1912,SAJHOTELS,ST,46000,44000,95.65
20,1913,SAKAR,EQ,64317,54465,84.68
20,1914,SAKHTISUG,EQ,676418,367375,54.31
20,1915,SAKSOFT,EQ,115623,62530,54.08
20,1916,SALASAR,EQ,5794362,3273632,56.50
20,1917,SALONA,EQ,356,164,46.07
20,1918,SALSTEEL,EQ,177195,107044,60.41
20,1919,SALZERELEC,EQ,84016,42597,50.70
20,1920,SAMBHAAV,EQ,238631,127852,53.58
20,1921,SAMHI,EQ,663360,379840,57.26
20,1922,SAMMAANCAP,EQ,7802755,4155179,53.25
20,1923,SAMPANN,EQ,53087,37491,70.62
20,1924,SANDESH,EQ,3310,2041,61.66
20,1925,SANDHAR,EQ,181482,122729,67.63
20,1926,SANDUMA,EQ,81026,42074,51.93
20,1927,SANGAMIND,EQ,60062,16332,27.19
20,1928,SANGANI,SM,57000,45000,78.95
20,1929,SANGHIIND,EQ,186891,118177,63.23
20,1930,SANGHVIMOV,EQ,879692,277351,31.53
20,1931,SANGINITA,EQ,110064,80597,73.23
20,1932,SANOFI,EQ,14668,7721,52.64
20,1933,SANOFICONR,EQ,13125,7825,59.62
20,1934,SANSERA,EQ,126734,84663,66.80
20,1935,SANSTAR,EQ,1272745,452995,35.59
20,1936,SAPPHIRE,EQ,1036010,933562,90.11
20,1937,SARDAEN,EQ,348954,152310,43.65
20,1938,SAREGAMA,EQ,617014,226196,36.66
20,1939,SARTELE,SM,76000,35000,46.05
20,1940,SARVESHWAR,EQ,2831878,1540160,54.39
20,1941,SASKEN,EQ,8291,5058,61.01
20,1942,SASTASUNDR,EQ,8869,5424,61.16
20,1943,SATECH,ST,50000,48000,96.00
20,1944,SATIA,EQ,181872,106965,58.81
20,1945,SATIN,EQ,146488,92539,63.17
20,1946,SATINDLTD,EQ,1505504,647763,43.03
20,1947,SATIPOLY,SM,7000,7000,100.00
20,1948,SAURASHCEM,EQ,200863,97850,48.71
20,1949,SBC,EQ,1755776,697628,39.73
20,1950,SBCL,EQ,141398,55038,38.92
20,1951,SBFC,EQ,1637552,744399,45.46
20,1952,SBGLP,EQ,3731957,2874591,77.03
20,1953,SBICARD,EQ,2090794,1528521,73.11
20,1954,SBIETFCON,EQ,28409,23329,82.12
20,1955,SBIETFIT,EQ,5281,3562,67.45
20,1956,SBIETFPB,EQ,11635,9418,80.95
20,1957,SBIETFQLTY,EQ,2086,1913,91.71
20,1958,SBILIFE,EQ,2442434,1912359,78.30
20,1959,SBIN,EQ,18580553,8848789,47.62
20,1960,SBINEQWETF,EQ,55904,41672,74.54
20,1961,SBISILVER,EQ,54580,35375,64.81
20,1962,SCHAEFFLER,EQ,56558,32957,58.27
20,1963,SCHAND,EQ,46381,24750,53.36
20,1964,SCHNEIDER,EQ,210477,95906,45.57
20,1965,SCI,EQ,1747522,826490,47.29
20,1966,SCILAL,EQ,750924,418885,55.78
20,1967,SCLZC25B,AT,10,10,100.00
20,1968,SCML,SM,8000,8000,100.00
20,1969,SDBL,EQ,619985,411346,66.35
20,1970,SDL26BEES,EQ,1049,879,83.79
20,1971,SDREAMS,SM,241000,145000,60.17
20,1972,SEAMECLTD,EQ,8828,4979,56.40
20,1973,SECL,SM,6250,6250,100.00
20,1974,SECMARK,EQ,16776,8164,48.66
20,1975,SECURKLOUD,EQ,38648,14735,38.13
20,1976,SEJALLTD,EQ,9385,8214,87.52
20,1977,SEL,ST,400,400,100.00
20,1978,SELAN,EQ,22438,12674,56.48
20,1979,SENCO,EQ,241314,115652,47.93
20,1980,SENSEXADD,EQ,3130,2194,70.10
20,1981,SENSEXETF,EQ,20861,19563,93.78
20,1982,SENSEXIETF,EQ,22937,15302,66.71
20,1983,SEPC,EQ,12051139,4672378,38.77
20,1984,SERVICE,SM,26000,16000,61.54
20,1985,SERVOTECH,EQ,872030,450350,51.64
20,1986,SESHAPAPER,EQ,17363,12501,72.00
20,1987,SETF10GILT,EQ,13187,11492,87.15
20,1988,SETFGOLD,EQ,1495585,1178725,78.81
20,1989,SETFNIF50,EQ,581866,476668,81.92
20,1990,SETFNIFBK,EQ,51517,16604,32.23
20,1991,SETFNN50,EQ,49837,40209,80.68
20,1992,SFL,EQ,66702,29077,43.59
20,1993,SFLZC25A,ZK,15,15,100.00
20,1994,SGBAPR28I,GB,144,84,58.33
20,1995,SGBAUG27,GB,64,64,100.00
20,1996,SGBAUG28V,GB,1077,809,75.12
20,1997,SGBAUG29V,GB,127,69,54.33
20,1998,SGBAUG30,GB,95,94,98.95
20,1999,SGBD29VIII,GB,347,337,97.12
20,2000,SGBDC27VII,GB,7,7,100.00
20,2001,SGBDE30III,GB,416,298,71.63
20,2002,SGBDE31III,GB,585,438,74.87
20,2003,SGBDEC25,GB,2,2,100.00
20,2004,SGBDEC2512,GB,1,1,100.00
20,2005,SGBDEC2513,GB,10,10,100.00
20,2006,SGBDEC25XI,GB,2,2,100.00
20,2007,SGBFEB27,GB,3,3,100.00
20,2008,SGBFEB28IX,GB,3,3,100.00
20,2009,SGBFEB29XI,GB,19,16,84.21
20,2010,SGBFEB32IV,GB,1459,975,66.83
20,2011,SGBJ28VIII,GB,14,10,71.43
20,2012,SGBJAN26,GB,135,130,96.30
20,2013,SGBJAN27,GB,79,79,100.00
20,2014,SGBJAN29IX,GB,206,164,79.61
20,2015,SGBJAN29X,GB,82,81,98.78
20,2016,SGBJAN30IX,GB,47,39,82.98
20,2017,SGBJU29III,GB,158,134,84.81
20,2018,SGBJUL25,GB,135,112,82.96
20,2019,SGBJUL28IV,GB,378,377,99.74
20,2020,SGBJUL29IV,GB,59,57,96.61
20,2021,SGBJUN27,GB,10,10,100.00
20,2022,SGBJUN28,GB,78,48,61.54
20,2023,SGBJUN29II,GB,244,211,86.48
20,2024,SGBJUN30,GB,74,63,85.14
20,2025,SGBJUN31I,GB,500,401,80.20
20,2026,SGBMAR25,GB,341,325,95.31
20,2027,SGBMAR28X,GB,71,71,100.00
20,2028,SGBMAR30X,GB,54,53,98.15
20,2029,SGBMAR31IV,GB,157,119,75.80
20,2030,SGBMAY25,GB,295,263,89.15
20,2031,SGBMAY26,GB,98,56,57.14
20,2032,SGBMAY28,GB,202,188,93.07
20,2033,SGBMAY29I,GB,186,166,89.25
20,2034,SGBMR29XII,GB,225,213,94.67
20,2035,SGBN28VIII,GB,135,123,91.11
20,2036,SGBNOV24,GB,356,356,100.00
20,2037,SGBNOV258,GB,28,28,100.00
20,2038,SGBNOV26,GB,24,23,95.83
20,2039,SGBNV29VII,GB,154,131,85.06
20,2040,SGBOC28VII,GB,246,231,93.90
20,2041,SGBOCT25,GB,66,60,90.91
20,2042,SGBOCT25IV,GB,50,49,98.00
20,2043,SGBOCT26,GB,3,3,100.00
20,2044,SGBOCT27,GB,235,187,79.57
20,2045,SGBOCT27VI,GB,6,4,66.67
20,2046,SGBSEP27,GB,9,9,100.00
20,2047,SGBSEP28VI,GB,41,34,82.93
20,2048,SGBSEP29VI,GB,200,182,91.00
20,2049,SGBSEP31II,GB,1213,988,81.45
20,2050,SGIL,EQ,23342,12964,55.54
20,2051,SHAILY,EQ,67528,37102,54.94
20,2052,SHALBY,EQ,72951,43012,58.96
20,2053,SHALPAINTS,EQ,60829,36695,60.32
20,2054,SHANKARA,EQ,42549,24842,58.38
20,2055,SHANTHALA,SM,1200,1200,100.00
20,2056,SHANTI,EQ,11074,8063,72.81
20,2057,SHANTIGEAR,EQ,23167,11852,51.16
20,2058,SHARDACROP,EQ,169110,65423,38.69
20,2059,SHARDAMOTR,EQ,28025,17519,62.51
20,2060,SHAREINDIA,EQ,1822316,561794,30.83
20,2061,SHARIABEES,EQ,5527,4174,75.52
20,2062,SHEETAL,SM,22000,20000,90.91
20,2063,SHEMAROO,EQ,118170,44307,37.49
20,2064,SHERA,SM,249000,139000,55.82
20,2065,SHIGAN,SM,19500,13500,69.23
20,2066,SHILPAMED,EQ,134841,58897,43.68
20,2067,SHIVALIK,EQ,10458,5899,56.41
20,2068,SHIVAMILLS,EQ,28173,15222,54.03
20,2069,SHIVATEX,EQ,26149,17762,67.93
20,2070,SHK,EQ,355569,175016,49.22
20,2071,SHOPERSTOP,EQ,22607,11169,49.41
20,2072,SHREDIGCEM,EQ,252528,138728,54.94
20,2073,SHREECEM,EQ,18593,9058,48.72
20,2074,SHREEKARNI,SM,2400,2400,100.00
20,2075,SHREEOSFM,SM,10000,7000,70.00
20,2076,SHREYANIND,EQ,8482,4372,51.54
20,2077,SHREYAS,EQ,158171,76547,48.40
20,2078,SHRIPISTON,EQ,82876,43664,52.69
20,2079,SHRIRAMFIN,EQ,1647563,1065310,64.66
20,2080,SHRIRAMPPS,EQ,811915,470261,57.92
20,2081,SHUBHLAXMI,ST,15000,14000,93.33
20,2082,SHUBHSHREE,ST,14400,14400,100.00
20,2083,SHYAMCENT,EQ,2533673,1006791,39.74
20,2084,SHYAMMETL,EQ,298224,161361,54.11
20,2085,SHYAMTEL,EQ,6366,6366,100.00
20,2086,SIEMENS,EQ,388931,168947,43.44
20,2087,SIGACHI,EQ,769163,470002,61.11
20,2088,SIGIND,EQ,53677,19038,35.47
20,2089,SIGMA,EQ,3279,1726,52.64
20,2090,SIGNATURE,EQ,389629,100453,25.78
20,2091,SIGNORIA,SM,4000,4000,100.00
20,2092,SIGNPOST,EQ,46696,33030,70.73
20,2093,SIKKO,EQ,25138,15596,62.04
20,2094,SILGO,EQ,262546,146758,55.90
20,2095,SILINV,EQ,21869,13194,60.33
20,2096,SILKFLEX,ST,8000,8000,100.00
20,2097,SILLYMONKS,EQ,8937,5657,63.30
20,2098,SILVER,EQ,719725,686074,95.32
20,2099,SILVER1,EQ,57042,54889,96.23
20,2100,SILVERADD,EQ,10352,6320,61.05
20,2101,SILVERBEES,EQ,4592094,2971887,64.72
20,2102,SILVERETF,EQ,179816,132022,73.42
20,2103,SILVERIETF,EQ,421443,371443,88.14
20,2104,SILVERTUC,EQ,16827,1980,11.77
20,2105,SILVRETF,EQ,21776,18140,83.30
20,2106,SINCLAIR,EQ,45916,30298,65.99
20,2107,SINDHUTRAD,EQ,1326004,717643,54.12
20,2108,SINTERCOM,EQ,19441,9654,49.66
20,2109,SIRCA,EQ,114954,53177,46.26
20,2110,SIS,EQ,46872,33248,70.93
20,2111,SIYSIL,EQ,132801,64233,48.37
20,2112,SJLOGISTIC,ST,40000,34500,86.25
20,2113,SJS,EQ,168940,80022,47.37
20,2114,SJVN,EQ,3367212,1319778,39.19
20,2115,SKFINDIA,EQ,48126,32445,67.42
20,2116,SKIPPER,EQ,1227012,495963,40.42
20,2117,SKIPPERPP,E1,318777,312557,98.05
20,2118,SKMEGGPROD,EQ,45646,24363,53.37
20,2119,SKP,SM,16000,11000,68.75
20,2120,SLONE,SM,60800,54400,89.47
20,2121,SMALLCAP,EQ,455584,323259,70.95
20,2122,SMCGLOBAL,EQ,706522,299419,42.38
20,2123,SMLISUZU,EQ,11660,6835,58.62
20,2124,SMLT,EQ,47474,18539,39.05
20,2125,SMSPHARMA,EQ,172587,98569,57.11
20,2126,SNOWMAN,EQ,577079,231849,40.18
20,2127,SOBHA,EQ,76386,30067,39.36
20,2128,SOBHAPP,E1,3703,3253,87.85
20,2129,SOFTTECH,EQ,4972,1149,23.11
20,2130,SOLARA,EQ,224767,120325,53.53
20,2131,SOLARAPP,E1,24159,19886,82.31
20,2132,SOLARINDS,EQ,36451,16332,44.81
20,2133,SOLEX,SM,49000,31250,63.78
20,2134,SOMANYCERA,EQ,21053,12269,58.28
20,2135,SOMATEX,EQ,109152,53962,49.44
20,2136,SONACOMS,EQ,2594238,2066158,79.64
20,2137,SONAMAC,SM,11000,10000,90.91
20,2138,SONATSOFTW,EQ,249140,80949,32.49
20,2139,SONUINFRA,SM,6000,6000,100.00
20,2140,SOTL,EQ,35735,21094,59.03
20,2141,SOUTHBANK,EQ,43561940,12572783,28.86
20,2142,SOUTHWEST,EQ,32008,26363,82.36
20,2143,SPAL,EQ,7108,3243,45.62
20,2144,SPANDANA,EQ,544979,208409,38.24
20,2145,SPARC,EQ,200558,95285,47.51
20,2146,SPCENET,EQ,2942493,1694284,57.58
20,2147,SPCL,SM,49200,21600,43.90
20,2148,SPECIALITY,EQ,25110,13655,54.38
20,2149,SPECTRUM,SM,2250,2125,94.44
20,2150,SPECTSTM,SM,33600,22400,66.67
20,2151,SPENCERS,EQ,386991,174411,45.07
20,2152,SPIC,EQ,426458,192773,45.20
20,2153,SPLIL,EQ,13170,8183,62.13
20,2154,SPLPETRO,EQ,33105,19708,59.53
20,2155,SPORTKING,EQ,310062,154327,49.77
20,2156,SPPPOLY,SM,36000,14000,38.89
20,2157,SPRL,ST,6400,4000,62.50
20,2158,SRD,EQ,167943,71473,42.56
20,2159,SREEL,EQ,8050,5492,68.22
20,2160,SRF,EQ,1243914,420727,33.82
20,2161,SRGHFL,EQ,1868,1356,72.59
20,2162,SRHHYPOLTD,EQ,156248,37258,23.85
20,2163,SRIVASAVI,SM,18000,17000,94.44
20,2164,SRPL,EQ,2180212,1691137,77.57
20,2165,SSDL,EQ,96815,54961,56.77
20,2166,SSEGL,ST,56000,47000,83.93
20,2167,SSFL,ST,48500,48500,100.00
20,2168,SSWL,EQ,112974,66338,58.72
20,2169,STANLEY,EQ,57189,28441,49.73
20,2170,STAR,EQ,448756,274560,61.18
20,2171,STARCEMENT,EQ,161822,68581,42.38
20,2172,STARHEALTH,EQ,682793,516114,75.59
20,2173,STARPAPER,EQ,15698,12435,79.21
20,2174,STARTECK,EQ,3484,166,4.76
20,2175,STCINDIA,EQ,36255,16800,46.34
20,2176,STEELCAS,EQ,13637,6525,47.85
20,2177,STEELCITY,EQ,48661,19473,40.02
20,2178,STEELXIND,EQ,7544909,3118659,41.33
20,2179,STERTOOLS,EQ,264781,107598,40.64
20,2180,STLTECH,EQ,1455682,707757,48.62
20,2181,STOVEKRAFT,EQ,181606,45564,25.09
20,2182,STYLAMIND,EQ,141899,26636,18.77
20,2183,STYLEBAAZA,EQ,307386,158296,51.50
20,2184,STYRENIX,EQ,21908,12912,58.94
20,2185,SUBEXLTD,EQ,2510043,930169,37.06
20,2186,SUBROS,EQ,54215,18872,34.81
20,2187,SUDARSCHEM,EQ,464766,152569,32.83
20,2188,SUKHJITS,EQ,54472,27060,49.68
20,2189,SULA,EQ,460101,265353,57.67
20,2190,SUMICHEM,EQ,562658,247778,44.04
20,2191,SUMMITSEC,EQ,7849,3980,50.71
20,2192,SUNCLAY,EQ,22006,11907,54.11
20,2193,SUNDARAM,EQ,932381,569146,61.04
20,2194,SUNDARMFIN,EQ,34098,15218,44.63
20,2195,SUNDARMHLD,EQ,178459,75510,42.31
20,2196,SUNDRMFAST,EQ,80182,44488,55.48
20,2197,SUNFLAG,EQ,176776,96610,54.65
20,2198,SUNLITE,SM,43200,33600,77.78
20,2199,SUNPHARMA,EQ,1447059,864227,59.72
20,2200,SUNREST,SM,4800,4800,100.00
20,2201,SUNTECK,EQ,193058,92333,47.83
20,2202,SUNTV,EQ,767746,566454,73.78
20,2203,SUPERHOUSE,EQ,13786,11089,80.44
20,2204,SUPRAJIT,EQ,143326,103425,72.16
20,2205,SUPREMEIND,EQ,41864,17524,41.86
20,2206,SUPREMEPWR,ST,28000,27000,96.43
20,2207,SUPRIYA,EQ,131611,71315,54.19
20,2208,SURAJEST,EQ,542905,430232,79.25
20,2209,SURANAT&P,EQ,181114,112430,62.08
20,2210,SURANI,SM,11600,7000,60.34
20,2211,SURYALAXMI,EQ,21530,12131,56.34
20,2212,SURYAROSNI,EQ,342555,162107,47.32
20,2213,SURYODAY,EQ,205435,131666,64.09
20,2214,SUTLEJTEX,EQ,193426,63886,33.03
20,2215,SUVEN,EQ,136724,71846,52.55
20,2216,SUVENPHAR,EQ,332270,193667,58.29
20,2217,SUVIDHAA,EQ,196192,110753,56.45
20,2218,SUYOG,EQ,23593,13166,55.80
20,2219,SUZLON,EQ,32194681,17136891,53.23
20,2220,SVLL,EQ,5001,3405,68.09
20,2221,SVPGLOB,EQ,178300,111887,62.75
20,2222,SWANENERGY,EQ,656182,238764,36.39
20,2223,SWARAJ,ST,22000,22000,100.00
20,2224,SWARAJENG,EQ,12068,7478,61.97
20,2225,SWASTIK,SM,3600,2400,66.67
20,2226,SWELECTES,EQ,20892,10502,50.27
20,2227,SWSOLAR,EQ,4595470,2469391,53.74
20,2228,SYLVANPLY,SM,62000,26000,41.94
20,2229,SYMPHONY,EQ,128206,53418,41.67
20,2230,SYNCOMF,EQ,3073651,1715425,55.81
20,2231,SYNGENE,EQ,530234,289639,54.62
20,2232,SYNOPTICS,SM,7800,7200,92.31
20,2233,SYRMA,EQ,328796,183533,55.82
20,2234,SYSTANGO,SM,50800,33200,65.35
20,2235,TAC,ST,4800,4800,100.00
20,2236,TAINWALCHM,EQ,11674,7057,60.45
20,2237,TAJGVK,EQ,35548,19589,55.11
20,2238,TAKE,EQ,178723,137649,77.02
20,2239,TALBROAUTO,EQ,102537,69382,67.67
20,2240,TANLA,EQ,412140,175609,42.61
20,2241,TARACHAND,EQ,16439,12576,76.50
20,2242,TARC,EQ,425363,304201,71.52
20,2243,TARMAT,EQ,24917,13807,55.41
20,2244,TARSONS,EQ,27169,17724,65.24
20,2245,TASTYBITE,EQ,2119,1188,56.06
20,2246,TATACHEM,EQ,1406274,442456,31.46
20,2247,TATACOMM,EQ,1131344,501691,44.34
20,2248,TATACONSUM,EQ,975432,512842,52.58
20,2249,TATAELXSI,EQ,167307,39085,23.36
20,2250,TATAGOLD,EQ,3109829,2348433,75.52
20,2251,TATAINVEST,EQ,47989,16446,34.27
20,2252,TATAMOTORS,EQ,13864583,7034111,50.73
20,2253,TATAPOWER,EQ,10204584,4511219,44.21
20,2254,TATASTEEL,EQ,28404223,10631356,37.43
20,2255,TATATECH,EQ,1259528,501270,39.80
20,2256,TATSILV,EQ,965619,750041,77.67
20,2257,TATVA,EQ,18270,10835,59.30
20,2258,TBI,ST,10800,9600,88.89
20,2259,TBOTEK,EQ,9901,4735,47.82
20,2260,TBZ,EQ,816842,345065,42.24
20,2261,TCI,EQ,31329,12250,39.10
20,2262,TCIEXP,EQ,16686,9698,58.12
20,2263,TCL,SM,15200,11200,73.68
20,2264,TCPLPACK,EQ,2910,1871,64.30
20,2265,TCS,EQ,2522659,1879351,74.50
20,2266,TDPOWERSYS,EQ,437840,264017,60.30
20,2267,TEAMLEASE,EQ,13138,6459,49.16
20,2268,TECH,EQ,8593,6205,72.21
20,2269,TECHERA,SM,819200,521600,63.67
20,2270,TECHLABS,SM,99000,75500,76.26
20,2271,TECHM,EQ,3771316,1760289,46.68
20,2272,TECHNOE,EQ,358130,283695,79.22
20,2273,TEGA,EQ,20837,11443,54.92
20,2274,TEJASNET,EQ,472418,275498,58.32
20,2275,TERASOFT,EQ,83327,30174,36.21
20,2276,TEXINFRA,EQ,389207,171474,44.06
20,2277,TEXMOPIPES,EQ,221559,113762,51.35
20,2278,TEXRAIL,EQ,2483873,643619,25.91
20,2279,TFCILTD,EQ,361237,232330,64.32
20,2280,TGBHOTELS,EQ,164854,111309,67.52
20,2281,TGL,ST,14400,14400,100.00
20,2282,THANGAMAYL,EQ,87549,29055,33.19
20,2283,THEINVEST,EQ,26189,11915,45.50
20,2284,THEJO,EQ,12191,8544,70.08
20,2285,THEMISMED,EQ,41292,25183,60.99
20,2286,THERMAX,EQ,31767,14148,44.54
20,2287,THESL,SM,108000,69000,63.89
20,2288,THOMASCOOK,EQ,1171262,557588,47.61
20,2289,THOMASCOTT,EQ,9325,6706,71.91
20,2290,THYROCARE,EQ,63973,35706,55.81
20,2291,TI,EQ,599072,275271,45.95
20,2292,TIIL,EQ,8968,4792,53.43
20,2293,TIINDIA,EQ,156590,109262,69.78
20,2294,TIMESCAN,SM,4000,4000,100.00
20,2295,TIMESGTY,EQ,21519,6152,28.59
20,2296,TIMETECHNO,EQ,1722548,614106,35.65
20,2297,TIMKEN,EQ,34182,14541,42.54
20,2298,TIPSFILMS,EQ,9804,4920,50.18
20,2299,TIPSMUSIC,EQ,590370,277944,47.08
20,2300,TIRUMALCHM,EQ,193751,99953,51.59
20,2301,TITAGARH,EQ,11610017,1598360,13.77
20,2302,TITAN,EQ,560796,245396,43.76
20,2303,TMB,EQ,91867,49539,53.92
20,2304,TNIDETF,EQ,26219,17183,65.54
20,2305,TNPETRO,EQ,86947,50039,57.55
20,2306,TNPL,EQ,177425,125363,70.66
20,2307,TNTELE,EQ,49371,34613,70.11
20,2308,TOKYOPLAST,EQ,9035,3692,40.86
20,2309,TOLINS,EQ,96785,50596,52.28
20,2310,TOP100CASE,EQ,495263,307763,62.14
20,2311,TOP10ADD,EQ,20365,18019,88.48
20,2312,TORNTPHARM,EQ,170971,73847,43.19
20,2313,TORNTPOWER,EQ,1086885,903752,83.15
20,2314,TOTAL,EQ,59258,42413,71.57
20,2315,TOUCHWOOD,EQ,1240,590,47.58
20,2316,TRACXN,EQ,389747,177707,45.60
20,2317,TRANSTEEL,SM,36000,26000,72.22
20,2318,TREL,EQ,264943,120743,45.57
20,2319,TRENT,EQ,997450,557271,55.87
20,2320,TRF,EQ,7943,5800,73.02
20,2321,TRIDENT,EQ,8212471,2111007,25.70
20,2322,TRIDHYA,SM,534000,117000,21.91
20,2323,TRIGYN,EQ,55842,30465,54.56
20,2324,TRITURBINE,EQ,738682,336402,45.54
20,2325,TRIVENI,EQ,220283,73981,33.58
20,2326,TROM,SM,20400,10800,52.94
20,2327,TRUST,SM,31200,26400,84.62
20,2328,TTKHLTCARE,EQ,3258,1762,54.08
20,2329,TTKPRESTIG,EQ,163333,43794,26.81
20,2330,TTL,EQ,17389,14071,80.92
20,2331,TTML,EQ,3326863,1067890,32.10
20,2332,TUNWAL,SM,134000,80000,59.70
20,2333,TVSHLTD,EQ,3063,1356,44.27
20,2334,TVSMOTOR,EQ,2812222,1296980,46.12
20,2335,TVSSCS,EQ,527197,277381,52.61
20,2336,TVSSRICHAK,EQ,2683,1532,57.10
20,2337,TVTODAY,EQ,65870,48545,73.70
20,2338,UBL,EQ,210804,129573,61.47
20,2339,UCAL,EQ,22010,10077,45.78
20,2340,UCOBANK,EQ,2817461,759791,26.97
20,2341,UDAICEMENT,EQ,241687,152460,63.08
20,2342,UDS,EQ,200201,94941,47.42
20,2343,UFLEX,EQ,368450,209417,56.84
20,2344,UFO,EQ,97748,64505,65.99
20,2345,UGARSUGAR,EQ,64848,40665,62.71
20,2346,UGROCAP,EQ,310391,125735,40.51
20,2347,UJJIVANSFB,EQ,6148523,3687562,59.97
20,2348,ULTRACEMCO,EQ,353330,232342,65.76
20,2349,UMA,SM,20000,16000,80.00
20,2350,UMESLTD,EQ,54634,33646,61.58
20,2351,UNICHEMLAB,EQ,31224,10661,34.14
20,2352,UNIDT,EQ,10271,5488,53.43
20,2353,UNIECOM,EQ,451727,197698,43.76
20,2354,UNIENTER,EQ,7561,3198,42.30
20,2355,UNIHEALTH,SM,7000,5000,71.43
20,2356,UNIINFO,EQ,44116,6403,14.51
20,2357,UNILEX,SM,12800,11200,87.50
20,2358,UNIONBANK,EQ,10159094,4905409,48.29
20,2359,UNIPARTS,EQ,31375,20356,64.88
20,2360,UNITDSPR,EQ,537173,346396,64.48
20,2361,UNITEDTEA,EQ,32773,22531,68.75
20,2362,UNIVASTU,EQ,139342,62089,44.56
20,2363,UNIVCABLES,EQ,17691,10407,58.83
20,2364,UNIVPHOTO,EQ,1853,1505,81.22
20,2365,UNOMINDA,EQ,665316,402962,60.57
20,2366,UPL,EQ,1577470,606419,38.44
20,2367,URBAN,ST,15600,14800,94.87
20,2368,URJA,EQ,2003447,1136979,56.75
20,2369,USASEEDS,SM,3600,2400,66.67
20,2370,USHAMART,EQ,1449606,511009,35.25
20,2371,UTIAMC,EQ,502365,174455,34.73
20,2372,UTIBANKETF,EQ,47956,44286,92.35
20,2373,UTINEXT50,EQ,138683,130823,94.33
20,2374,UTINIFTETF,EQ,3000355,2994188,99.79
20,2375,UTISENSETF,EQ,4132,3400,82.28
20,2376,UTISXN50,EQ,7850,7121,90.71
20,2377,UTKARSHBNK,EQ,1467552,913294,62.23
20,2378,UTSSAV,ST,84000,72000,85.71
20,2379,UTTAMSUGAR,EQ,154220,83412,54.09
20,2380,UYFINCORP,EQ,181351,121538,67.02
20,2381,VADILALIND,EQ,4466,2149,48.12
20,2382,VAIBHAVGBL,EQ,290902,165606,56.93
20,2383,VAISHALI,EQ,1496827,782788,52.30
20,2384,VAKRANGEE,EQ,11219698,5539795,49.38
20,2385,VALIANTLAB,EQ,47668,20937,43.92
20,2386,VALIANTORG,EQ,107388,59371,55.29
20,2387,VARDHACRLC,EQ,26935,15156,56.27
20,2388,VARROC,EQ,221266,92057,41.60
20,2389,VASA,SM,8000,4000,50.00
20,2390,VASCONEQ,EQ,564520,305583,54.13
20,2391,VBL,EQ,4225188,2695076,63.79
20,2392,VDEAL,SM,13200,9600,72.73
20,2393,VEDL,EQ,12114419,6507793,53.72
20,2394,VEEDOL,EQ,11515,7804,67.77
20,2395,VEEKAYEM,ST,2500,2500,100.00
20,2396,VELS,SM,1200,1200,100.00
20,2397,VENKEYS,EQ,65298,40663,62.27
20,2398,VENUSPIPES,EQ,84776,53845,63.51
20,2399,VENUSREM,EQ,24525,10517,42.88
20,2400,VERANDA,EQ,284265,159072,55.96
20,2401,VERTOZ,EQ,14029442,4883068,34.81
20,2402,VESUVIUS,EQ,55972,20063,35.84
20,2403,VGUARD,EQ,382142,153055,40.05
20,2404,VHL,EQ,1182,561,47.46
20,2405,VIAZ,SM,14000,14000,100.00
20,2406,VIDHIING,EQ,20640,13665,66.21
20,2407,VIESL,SM,140000,103200,73.71
20,2408,VIJAYA,EQ,212441,68043,32.03
20,2409,VIJIFIN,EQ,372841,280180,75.15
20,2410,VIKASECO,EQ,3518986,2143709,60.92
20,2411,VIKASLIFE,EQ,6781632,3349614,49.39
20,2412,VILAS,SM,70000,50000,71.43
20,2413,VILINBIO,SM,392000,240000,61.22
20,2414,VIMTALABS,EQ,19266,11202,58.14
20,2415,VINATIORGA,EQ,197774,186621,94.36
20,2416,VINDHYATEL,EQ,13710,8092,59.02
20,2417,VINEETLAB,EQ,92034,42925,46.64
20,2418,VINSYS,SM,4000,4000,100.00
20,2419,VINYAS,ST,4400,4400,100.00
20,2420,VINYLINDIA,EQ,16605,8581,51.68
20,2421,VIPIND,EQ,468468,224725,47.97
20,2422,VIRINCHI,EQ,208703,101063,48.42
20,2423,VISAKAIND,EQ,164274,83712,50.96
20,2424,VISAMAN,SM,3000,3000,100.00
20,2425,VISHNU,EQ,249556,131264,52.60
20,2426,VISHNUINFR,ST,6500,6000,92.31
20,2427,VISHWARAJ,EQ,1362479,709150,52.05
20,2428,VISHWAS,SM,9600,8000,83.33
20,2429,VITAL,SM,22800,21600,94.74
20,2430,VIVIANA,ST,6500,6500,100.00
20,2431,VIVIDHA,EQ,422515,271209,64.19
20,2432,VIVO,ST,1600,1600,100.00
20,2433,VLINFRA,ST,24000,18000,75.00
20,2434,VLSFINANCE,EQ,48517,27579,56.84
20,2435,VMARCIND,ST,11000,10000,90.91
20,2436,VMART,EQ,55090,38442,69.78
20,2437,VOLTAMP,EQ,24671,11024,44.68
20,2438,VOLTAS,EQ,1314829,566439,43.08
20,2439,VPRPL,EQ,2061048,810540,39.33
20,2440,VR,ST,4800,4800,100.00
20,2441,VRAJ,EQ,119884,59221,49.40
20,2442,VRLLOG,EQ,31488,17472,55.49
20,2443,VSSL,EQ,90700,46490,51.26
20,2444,VSTIND,EQ,357650,189384,52.95
20,2445,VSTL,EQ,53566,28038,52.34
20,2446,VSTTILLERS,EQ,2228,1535,68.90
20,2447,VTL,EQ,159463,66990,42.01
20,2448,WABAG,EQ,801656,375251,46.81
20,2449,WALCHANNAG,EQ,271754,100534,36.99
20,2450,WALPAR,SM,2000,2000,100.00
20,2451,WCIL,EQ,202789,106615,52.57
20,2452,WEBELSOLAR,EQ,938008,381660,40.69
20,2453,WEIZMANIND,EQ,375570,70964,18.90
20,2454,WEL,EQ,20728,4591,22.15
20,2455,WELCORP,EQ,890330,608441,68.34
20,2456,WELENT,EQ,118736,60894,51.29
20,2457,WELINV,EQ,643,278,43.23
20,2458,WELSPUNLIV,EQ,2005063,1100442,54.88
20,2459,WENDT,EQ,223,109,48.88
20,2460,WESTLIFE,EQ,54761,16639,30.38
20,2461,WEWIN,EQ,2113,1694,80.17
20,2462,WHEELS,EQ,70318,39788,56.58
20,2463,WHIRLPOOL,EQ,1188956,83318,7.01
20,2464,WILLAMAGOR,EQ,48917,6036,12.34
20,2465,WINDLAS,EQ,107758,44550,41.34
20,2466,WINDMACHIN,EQ,368193,229311,62.28
20,2467,WINNY,SM,1000,1000,100.00
20,2468,WINSOL,SM,33600,24000,71.43
20,2469,WIPL,EQ,791,541,68.39
20,2470,WIPRO,EQ,11877639,6065092,51.06
20,2471,WOCKPHARMA,EQ,304661,170675,56.02
20,2472,WOL3D,SM,32000,26000,81.25
20,2473,WOMANCART,ST,3200,3200,100.00
20,2474,WONDERLA,EQ,23139,12152,52.52
20,2475,WORTH,EQ,11125,4582,41.19
20,2476,WSI,EQ,109728,75510,68.82
20,2477,WSTCSTPAPR,EQ,229282,183607,80.08
20,2478,WTICAB,SM,21000,14000,66.67
20,2479,XCHANGING,EQ,174709,83325,47.69
20,2480,XPROINDIA,EQ,19546,10065,51.49
20,2481,XTGLOBAL,EQ,24024,10484,43.64
20,2482,YAARI,EQ,1181378,809540,68.53
20,2483,YASHO,EQ,9887,5982,60.50
20,2484,YASHOPTICS,SM,11200,9600,85.71
20,2485,YATHARTH,EQ,409518,195969,47.85
20,2486,YATRA,EQ,82234,53207,64.70
20,2487,YCCL,SM,21000,18000,85.71
20,2488,YESBANK,EQ,49372131,23112688,46.81
20,2489,YUDIZ,SM,12000,10400,86.67
20,2490,YUKEN,EQ,4768,3254,68.25
20,2491,ZEAL,SM,13800,11400,82.61
20,2492,ZEEL,EQ,8192849,3753178,45.81
20,2493,ZEELEARN,EQ,3383315,1563158,46.20
20,2494,ZENITHDRUG,ST,25600,24000,93.75
20,2495,ZENSARTECH,EQ,279865,141882,50.70
20,2496,ZENTEC,EQ,294504,136572,46.37
20,2497,ZFCVINDIA,EQ,9939,4857,48.87
20,2498,ZIMLAB,EQ,89948,52217,58.05
20,2499,ZODIACLOTH,EQ,5905,4046,68.52
20,2500,ZOMATO,EQ,25228600,11118568,44.07
20,2501,ZOTA,EQ,8643,5769,66.75
20,2502,ZTECH,ST,8400,8400,100.00
20,2503,ZUARI,EQ,82845,46625,56.28
20,2504,ZUARIIND,EQ,54610,27659,50.65
20,2505,ZYDUSLIFE,EQ,1036269,462790,44.66
20,2506,ZYDUSWELL,EQ,238986,218819,91.56
